,type,name,created_at,Hash,Add,Del,Files,Vuln
566,PushEvent,podlove_podlove-publisher,2015-06-19 09:03:25 UTC,,,,,
3093,IssueCommentEvent,podlove_podlove-publisher,2015-11-19 11:55:44 UTC,,,,,
5846,ReleaseEvent,podlove_podlove-publisher,2015-02-27 05:24:16 UTC,,,,,
7078,IssueCommentEvent,podlove_podlove-publisher,2015-03-17 12:50:32 UTC,,,,,
14476,IssueCommentEvent,podlove_podlove-publisher,2015-03-25 20:31:18 UTC,,,,,
14477,IssueCommentEvent,podlove_podlove-publisher,2015-02-28 11:55:50 UTC,,,,,
17454,IssuesEvent,podlove_podlove-publisher,2015-01-25 19:59:40 UTC,,,,,
18886,IssueCommentEvent,podlove_podlove-publisher,2015-04-27 09:12:19 UTC,,,,,
20252,PushEvent,podlove_podlove-publisher,2015-05-20 08:26:48 UTC,,,,,
22882,IssueCommentEvent,podlove_podlove-publisher,2015-11-15 12:00:58 UTC,,,,,
22883,IssueCommentEvent,podlove_podlove-publisher,2015-01-28 12:54:02 UTC,,,,,
26961,IssueCommentEvent,podlove_podlove-publisher,2015-02-24 20:28:20 UTC,,,,,
26962,IssueCommentEvent,podlove_podlove-publisher,2015-01-05 07:02:12 UTC,,,,,
26963,IssueCommentEvent,podlove_podlove-publisher,2015-04-27 02:16:09 UTC,,,,,
30891,IssueCommentEvent,podlove_podlove-publisher,2015-01-04 21:14:34 UTC,,,,,
32327,PushEvent,podlove_podlove-publisher,2015-07-14 01:32:48 UTC,,,,,
33480,IssuesEvent,podlove_podlove-publisher,2015-04-09 12:56:14 UTC,,,,,
33481,IssuesEvent,podlove_podlove-publisher,2015-06-22 13:26:49 UTC,,,,,
36258,PushEvent,podlove_podlove-publisher,2015-04-16 08:55:30 UTC,,,,,
36259,PushEvent,podlove_podlove-publisher,2015-02-04 14:53:35 UTC,,,,,
38860,IssueCommentEvent,podlove_podlove-publisher,2015-09-25 06:23:11 UTC,,,,,
40251,PushEvent,podlove_podlove-publisher,2015-05-27 07:45:12 UTC,,,,,
41184,DeleteEvent,podlove_podlove-publisher,2015-05-19 11:08:11 UTC,,,,,
42794,IssueCommentEvent,podlove_podlove-publisher,2015-04-27 04:18:00 UTC,,,,,
44246,PushEvent,podlove_podlove-publisher,2015-05-11 08:28:57 UTC,,,,,
45207,CreateEvent,podlove_podlove-publisher,2015-05-31 05:54:38 UTC,,,,,
49217,DeleteEvent,podlove_podlove-publisher,2015-04-24 10:29:37 UTC,,,,,
49425,IssuesEvent,podlove_podlove-publisher,2015-04-27 06:52:41 UTC,,,,,
50800,IssueCommentEvent,podlove_podlove-publisher,2015-04-04 19:31:30 UTC,,,,,
50801,IssueCommentEvent,podlove_podlove-publisher,2015-04-02 22:27:19 UTC,,,,,
54740,IssueCommentEvent,podlove_podlove-publisher,2015-08-28 19:08:39 UTC,,,,,
54741,IssueCommentEvent,podlove_podlove-publisher,2015-04-06 09:42:45 UTC,,,,,
57285,IssuesEvent,podlove_podlove-publisher,2015-01-13 19:33:45 UTC,,,,,
61420,ReleaseEvent,podlove_podlove-publisher,2015-03-04 15:27:10 UTC,,,,,
62520,IssueCommentEvent,podlove_podlove-publisher,2015-04-27 03:08:40 UTC,,,,,
64046,PushEvent,podlove_podlove-publisher,2015-05-13 07:22:32 UTC,,,,,
68093,PushEvent,podlove_podlove-publisher,2015-02-11 12:51:11 UTC,,,,,
68094,PushEvent,podlove_podlove-publisher,2015-05-27 07:15:59 UTC,,,,,
69271,IssuesEvent,podlove_podlove-publisher,2015-08-16 12:41:33 UTC,,,,,
72040,PushEvent,podlove_podlove-publisher,2015-04-30 11:23:40 UTC,,,,,
72958,CreateEvent,podlove_podlove-publisher,2015-03-24 10:30:13 UTC,,,,,
74586,IssueCommentEvent,podlove_podlove-publisher,2015-03-11 14:28:43 UTC,,,,,
74587,IssueCommentEvent,podlove_podlove-publisher,2015-04-28 14:56:39 UTC,,,,,
74588,IssueCommentEvent,podlove_podlove-publisher,2015-02-05 05:35:26 UTC,,,,,
75324,PullRequestReviewCommentEvent,podlove_podlove-publisher,2015-02-21 10:37:25 UTC,,,,,
81085,IssuesEvent,podlove_podlove-publisher,2015-04-27 06:55:33 UTC,,,,,
81086,IssuesEvent,podlove_podlove-publisher,2015-03-20 21:08:17 UTC,,,,,
82463,IssueCommentEvent,podlove_podlove-publisher,2015-08-28 19:34:56 UTC,,,,,
89007,IssuesEvent,podlove_podlove-publisher,2015-02-15 20:06:38 UTC,,,,,
90422,IssueCommentEvent,podlove_podlove-publisher,2015-11-15 17:14:44 UTC,,,,,
90423,IssueCommentEvent,podlove_podlove-publisher,2015-01-31 08:09:45 UTC,,,,,
90424,IssueCommentEvent,podlove_podlove-publisher,2015-03-04 13:57:41 UTC,,,,,
91866,PushEvent,podlove_podlove-publisher,2015-04-06 00:31:33 UTC,,,,,
92847,DeleteEvent,podlove_podlove-publisher,2015-05-19 11:07:25 UTC,,,,,
93046,IssuesEvent,podlove_podlove-publisher,2015-04-27 21:56:05 UTC,,,,,
94431,IssueCommentEvent,podlove_podlove-publisher,2015-04-15 17:12:12 UTC,,,,,
97048,IssuesEvent,podlove_podlove-publisher,2015-02-16 17:22:14 UTC,,,,,
99953,PushEvent,podlove_podlove-publisher,2015-07-14 06:00:30 UTC,,,,,
102506,IssueCommentEvent,podlove_podlove-publisher,2015-03-07 10:00:50 UTC,,,,,
103861,PushEvent,podlove_podlove-publisher,2015-01-25 07:23:10 UTC,,,,,
103862,PushEvent,podlove_podlove-publisher,2015-02-27 04:54:27 UTC,,,,,
109891,IssueCommentEvent,podlove_podlove-publisher,2015-01-26 19:05:22 UTC,,,,,
111781,PushEvent,podlove_podlove-publisher,2015-05-01 12:25:25 UTC,,,,,
111782,PushEvent,podlove_podlove-publisher,2015-04-02 06:11:09 UTC,,,,,
112712,CreateEvent,podlove_podlove-publisher,2015-03-04 15:30:06 UTC,,,,,
114379,IssueCommentEvent,podlove_podlove-publisher,2015-03-11 05:31:31 UTC,,,,,
114380,IssueCommentEvent,podlove_podlove-publisher,2015-04-27 03:11:20 UTC,,,,,
114381,IssueCommentEvent,podlove_podlove-publisher,2015-02-27 04:47:26 UTC,,,,,
118378,IssueCommentEvent,podlove_podlove-publisher,2015-02-26 09:17:18 UTC,,,,,
121003,IssuesEvent,podlove_podlove-publisher,2015-04-13 04:56:00 UTC,,,,,
122280,IssueCommentEvent,podlove_podlove-publisher,2015-02-06 03:15:28 UTC,,,,,
122281,IssueCommentEvent,podlove_podlove-publisher,2015-03-06 09:26:41 UTC,,,,,
126320,IssueCommentEvent,podlove_podlove-publisher,2015-03-05 13:57:14 UTC,,,,,
126321,IssueCommentEvent,podlove_podlove-publisher,2015-03-06 11:29:25 UTC,,,,,
128907,IssuesEvent,podlove_podlove-publisher,2015-09-22 13:48:18 UTC,,,,,
130361,IssueCommentEvent,podlove_podlove-publisher,2015-03-06 11:02:07 UTC,,,,,
134288,IssueCommentEvent,podlove_podlove-publisher,2015-03-11 10:52:26 UTC,,,,,
134289,IssueCommentEvent,podlove_podlove-publisher,2015-08-29 03:53:03 UTC,,,,,
139585,PushEvent,podlove_podlove-publisher,2015-02-04 09:11:43 UTC,,,,,
151472,PushEvent,podlove_podlove-publisher,2015-05-18 10:39:27 UTC,,,,,
151473,PushEvent,podlove_podlove-publisher,2015-08-25 11:52:20 UTC,,,,,
152636,IssuesEvent,podlove_podlove-publisher,2015-04-08 11:11:20 UTC,,,,,
156013,WatchEvent,podlove_podlove-publisher,2015-10-11 09:15:57 UTC,,,,,
157930,IssueCommentEvent,podlove_podlove-publisher,2015-01-10 05:57:18 UTC,,,,,
157931,IssueCommentEvent,podlove_podlove-publisher,2015-01-28 20:50:52 UTC,,,,,
160021,WatchEvent,podlove_podlove-publisher,2015-07-06 01:45:09 UTC,,,,,
160557,IssuesEvent,podlove_podlove-publisher,2015-04-27 06:58:10 UTC,,,,,
161958,IssueCommentEvent,podlove_podlove-publisher,2015-05-13 21:42:26 UTC,,,,,
165916,IssueCommentEvent,podlove_podlove-publisher,2015-04-04 19:44:21 UTC,,,,,
165917,IssueCommentEvent,podlove_podlove-publisher,2015-02-04 20:55:16 UTC,,,,,
165918,IssueCommentEvent,podlove_podlove-publisher,2015-04-26 13:28:12 UTC,,,,,
168493,IssuesEvent,podlove_podlove-publisher,2015-12-17 15:42:42 UTC,,,,,
169903,IssueCommentEvent,podlove_podlove-publisher,2015-03-17 11:26:14 UTC,,,,,
169904,IssueCommentEvent,podlove_podlove-publisher,2015-04-01 16:09:41 UTC,,,,,
176299,DeleteEvent,podlove_podlove-publisher,2015-04-30 11:31:10 UTC,,,,,
180334,CreateEvent,podlove_podlove-publisher,2015-02-16 16:18:48 UTC,,,,,
180373,DeleteEvent,podlove_podlove-publisher,2015-05-19 11:08:53 UTC,,,,,
180569,IssuesEvent,podlove_podlove-publisher,2015-05-13 21:19:04 UTC,,,,,
183368,PushEvent,podlove_podlove-publisher,2015-09-13 06:04:20 UTC,,,,,
183979,WatchEvent,podlove_podlove-publisher,2015-12-02 09:37:07 UTC,,,,,
184543,IssuesEvent,podlove_podlove-publisher,2015-08-12 14:51:46 UTC,,,,,
185923,IssueCommentEvent,podlove_podlove-publisher,2015-01-21 16:03:40 UTC,,,,,
185924,IssueCommentEvent,podlove_podlove-publisher,2015-05-25 14:15:05 UTC,,,,,
187322,PushEvent,podlove_podlove-publisher,2015-05-18 07:01:53 UTC,,,,,
195283,PushEvent,podlove_podlove-publisher,2015-07-03 10:07:28 UTC,,,,,
197865,IssueCommentEvent,podlove_podlove-publisher,2015-01-13 08:35:55 UTC,,,,,
201630,IssueCommentEvent,podlove_podlove-publisher,2015-01-08 12:47:31 UTC,,,,,
204258,IssuesEvent,podlove_podlove-publisher,2015-02-14 12:24:09 UTC,,,,,
205641,IssueCommentEvent,podlove_podlove-publisher,2015-04-27 04:20:48 UTC,,,,,
212269,IssuesEvent,podlove_podlove-publisher,2015-02-14 17:20:18 UTC,,,,,
213656,IssueCommentEvent,podlove_podlove-publisher,2015-09-25 05:15:33 UTC,,,,,
215945,DeleteEvent,podlove_podlove-publisher,2015-05-19 11:08:18 UTC,,,,,
216144,IssuesEvent,podlove_podlove-publisher,2015-04-27 06:52:26 UTC,,,,,
217463,IssueCommentEvent,podlove_podlove-publisher,2015-11-18 21:32:42 UTC,,,,,
225619,IssueCommentEvent,podlove_podlove-publisher,2015-01-24 14:58:11 UTC,,,,,
225620,IssueCommentEvent,podlove_podlove-publisher,2015-04-04 15:40:12 UTC,,,,,
225621,IssueCommentEvent,podlove_podlove-publisher,2015-01-07 19:42:05 UTC,,,,,
233583,IssueCommentEvent,podlove_podlove-publisher,2015-01-07 06:50:31 UTC,,,,,
236117,IssuesEvent,podlove_podlove-publisher,2015-04-27 03:13:57 UTC,,,,,
237439,IssueCommentEvent,podlove_podlove-publisher,2015-01-27 15:48:43 UTC,,,,,
237440,IssueCommentEvent,podlove_podlove-publisher,2015-05-07 11:54:48 UTC,,,,,
241495,IssueCommentEvent,podlove_podlove-publisher,2015-01-04 21:22:31 UTC,,,,,
243826,DeleteEvent,podlove_podlove-publisher,2015-05-19 11:08:33 UTC,,,,,
245416,IssueCommentEvent,podlove_podlove-publisher,2015-01-19 09:07:42 UTC,,,,,
245417,IssueCommentEvent,podlove_podlove-publisher,2015-04-08 07:39:42 UTC,,,,,
249420,IssueCommentEvent,podlove_podlove-publisher,2015-03-05 17:09:01 UTC,,,,,
251449,WatchEvent,podlove_podlove-publisher,2015-08-12 05:58:05 UTC,,,,,
253392,IssueCommentEvent,podlove_podlove-publisher,2015-06-13 16:10:20 UTC,,,,,
254805,PushEvent,podlove_podlove-publisher,2015-05-01 10:19:01 UTC,,,,,
257343,IssueCommentEvent,podlove_podlove-publisher,2015-03-20 11:42:56 UTC,,,,,
261227,IssueCommentEvent,podlove_podlove-publisher,2015-01-15 12:09:46 UTC,,,,,
262739,PushEvent,podlove_podlove-publisher,2015-05-27 07:19:44 UTC,,,,,
263830,IssuesEvent,podlove_podlove-publisher,2015-02-14 10:25:00 UTC,,,,,
265177,IssueCommentEvent,podlove_podlove-publisher,2015-01-04 21:30:37 UTC,,,,,
265178,IssueCommentEvent,podlove_podlove-publisher,2015-05-25 12:40:41 UTC,,,,,
269083,IssueCommentEvent,podlove_podlove-publisher,2015-03-16 03:23:41 UTC,,,,,
269084,IssueCommentEvent,podlove_podlove-publisher,2015-01-22 16:27:29 UTC,,,,,
271460,CreateEvent,podlove_podlove-publisher,2015-03-02 15:00:49 UTC,,,,,
271514,DeleteEvent,podlove_podlove-publisher,2015-09-25 07:26:31 UTC,,,,,
271702,IssuesEvent,podlove_podlove-publisher,2015-05-02 00:33:35 UTC,,,,,
272027,PullRequestEvent,podlove_podlove-publisher,2015-02-23 07:58:31 UTC,,,,,
272028,PullRequestEvent,podlove_podlove-publisher,2015-04-04 12:08:11 UTC,,,,,
272936,IssueCommentEvent,podlove_podlove-publisher,2015-10-07 21:23:08 UTC,,,,,
279437,IssuesEvent,podlove_podlove-publisher,2015-02-18 03:17:40 UTC,,,,,
283469,IssuesEvent,podlove_podlove-publisher,2015-11-18 21:14:39 UTC,,,,,
284838,IssueCommentEvent,podlove_podlove-publisher,2015-12-08 19:12:42 UTC,,,,,
284839,IssueCommentEvent,podlove_podlove-publisher,2015-11-15 11:42:32 UTC,,,,,
284840,IssueCommentEvent,podlove_podlove-publisher,2015-11-14 08:02:15 UTC,,,,,
286202,PushEvent,podlove_podlove-publisher,2015-01-02 11:29:10 UTC,,,,,
288643,IssueCommentEvent,podlove_podlove-publisher,2015-11-20 11:45:10 UTC,,,,,
288644,IssueCommentEvent,podlove_podlove-publisher,2015-04-27 04:19:42 UTC,,,,,
288645,IssueCommentEvent,podlove_podlove-publisher,2015-01-16 15:40:18 UTC,,,,,
291008,DeleteEvent,podlove_podlove-publisher,2015-04-24 10:27:58 UTC,,,,,
291182,IssuesEvent,podlove_podlove-publisher,2015-04-09 17:41:25 UTC,,,,,
300358,IssueCommentEvent,podlove_podlove-publisher,2015-03-06 09:31:02 UTC,,,,,
300359,IssueCommentEvent,podlove_podlove-publisher,2015-03-30 20:04:18 UTC,,,,,
306868,IssuesEvent,podlove_podlove-publisher,2015-02-25 19:24:16 UTC,,,,,
312238,IssueCommentEvent,podlove_podlove-publisher,2015-02-26 07:26:42 UTC,,,,,
321759,PushEvent,podlove_podlove-publisher,2015-07-14 01:21:34 UTC,,,,,
322910,IssuesEvent,podlove_podlove-publisher,2015-05-14 03:26:38 UTC,,,,,
324230,IssueCommentEvent,podlove_podlove-publisher,2015-03-05 13:27:44 UTC,,,,,
324231,IssueCommentEvent,podlove_podlove-publisher,2015-02-26 16:49:20 UTC,,,,,
326982,IssuesEvent,podlove_podlove-publisher,2015-02-03 19:21:46 UTC,,,,,
328262,IssueCommentEvent,podlove_podlove-publisher,2015-06-16 21:07:42 UTC,,,,,
329741,PushEvent,podlove_podlove-publisher,2015-05-20 09:57:35 UTC,,,,,
330922,IssuesEvent,podlove_podlove-publisher,2015-05-02 11:11:50 UTC,,,,,
332329,IssueCommentEvent,podlove_podlove-publisher,2015-04-27 03:10:34 UTC,,,,,
332330,IssueCommentEvent,podlove_podlove-publisher,2015-02-26 11:59:02 UTC,,,,,
333750,PushEvent,podlove_podlove-publisher,2015-09-09 05:31:46 UTC,,,,,
336216,IssueCommentEvent,podlove_podlove-publisher,2015-05-11 02:11:28 UTC,,,,,
338895,IssuesEvent,podlove_podlove-publisher,2015-09-29 14:13:45 UTC,,,,,
344281,IssueCommentEvent,podlove_podlove-publisher,2015-03-03 09:36:48 UTC,,,,,
346790,DeleteEvent,podlove_podlove-publisher,2015-05-02 11:12:42 UTC,,,,,
350954,IssuesEvent,podlove_podlove-publisher,2015-04-27 03:11:20 UTC,,,,,
352182,IssueCommentEvent,podlove_podlove-publisher,2015-01-10 09:38:03 UTC,,,,,
354865,IssuesEvent,podlove_podlove-publisher,2015-04-27 15:22:24 UTC,,,,,
354866,IssuesEvent,podlove_podlove-publisher,2015-01-21 05:55:25 UTC,,,,,
358772,IssuesEvent,podlove_podlove-publisher,2015-01-02 11:49:39 UTC,,,,,
364238,IssueCommentEvent,podlove_podlove-publisher,2015-03-21 12:22:08 UTC,,,,,
364239,IssueCommentEvent,podlove_podlove-publisher,2015-12-08 19:19:07 UTC,,,,,
364240,IssueCommentEvent,podlove_podlove-publisher,2015-03-03 08:54:29 UTC,,,,,
364241,IssueCommentEvent,podlove_podlove-publisher,2015-02-26 18:07:39 UTC,,,,,
368215,IssueCommentEvent,podlove_podlove-publisher,2015-03-03 10:41:13 UTC,,,,,
368216,IssueCommentEvent,podlove_podlove-publisher,2015-04-28 15:49:46 UTC,,,,,
370576,CreateEvent,podlove_podlove-publisher,2015-02-04 09:31:11 UTC,,,,,
372034,IssueCommentEvent,podlove_podlove-publisher,2015-04-27 20:45:09 UTC,,,,,
372035,IssueCommentEvent,podlove_podlove-publisher,2015-01-03 12:13:06 UTC,,,,,
372036,IssueCommentEvent,podlove_podlove-publisher,2015-03-04 10:01:10 UTC,,,,,
372037,IssueCommentEvent,podlove_podlove-publisher,2015-03-06 15:05:12 UTC,,,,,
374477,DeleteEvent,podlove_podlove-publisher,2015-05-19 11:09:15 UTC,,,,,
376017,IssueCommentEvent,podlove_podlove-publisher,2015-01-07 08:30:19 UTC,,,,,
378329,CreateEvent,podlove_podlove-publisher,2015-02-14 05:20:14 UTC,,,,,
378573,IssuesEvent,podlove_podlove-publisher,2015-05-06 03:32:32 UTC,,,,,
379930,IssueCommentEvent,podlove_podlove-publisher,2015-02-04 13:58:08 UTC,,,,,
379931,IssueCommentEvent,podlove_podlove-publisher,2015-04-27 03:03:47 UTC,,,,,
383860,IssueCommentEvent,podlove_podlove-publisher,2015-04-27 05:56:47 UTC,,,,,
383861,IssueCommentEvent,podlove_podlove-publisher,2015-09-28 09:21:44 UTC,,,,,
385937,WatchEvent,podlove_podlove-publisher,2015-08-18 19:58:07 UTC,,,,,
386499,IssuesEvent,podlove_podlove-publisher,2015-10-16 06:28:47 UTC,,,,,
386500,IssuesEvent,podlove_podlove-publisher,2015-03-11 21:19:23 UTC,,,,,
386868,PullRequestEvent,podlove_podlove-publisher,2015-01-25 06:21:39 UTC,,,,,
387825,IssueCommentEvent,podlove_podlove-publisher,2015-04-27 15:22:24 UTC,,,,,
390435,IssuesEvent,podlove_podlove-publisher,2015-10-11 03:34:12 UTC,,,,,
390436,IssuesEvent,podlove_podlove-publisher,2015-04-03 15:37:42 UTC,,,,,
390827,PullRequestEvent,podlove_podlove-publisher,2015-05-20 09:40:42 UTC,,,,,
393229,PushEvent,podlove_podlove-publisher,2015-10-11 04:21:51 UTC,,,,,
398270,IssuesEvent,podlove_podlove-publisher,2015-03-07 18:47:47 UTC,,,,,
398679,PullRequestEvent,podlove_podlove-publisher,2015-06-27 06:06:05 UTC,,,,,
401090,PushEvent,podlove_podlove-publisher,2015-02-11 15:20:04 UTC,,,,,
402668,PullRequestEvent,podlove_podlove-publisher,2015-03-24 13:26:42 UTC,,,,,
406239,IssuesEvent,podlove_podlove-publisher,2015-02-19 06:15:43 UTC,,,,,
406240,IssuesEvent,podlove_podlove-publisher,2015-09-25 04:59:58 UTC,,,,,
407594,IssueCommentEvent,podlove_podlove-publisher,2015-04-24 12:21:04 UTC,,,,,
408923,PushEvent,podlove_podlove-publisher,2015-07-02 06:54:57 UTC,,,,,
408924,PushEvent,podlove_podlove-publisher,2015-05-20 12:48:21 UTC,,,,,
411401,IssueCommentEvent,podlove_podlove-publisher,2015-02-25 12:55:28 UTC,,,,,
415340,IssueCommentEvent,podlove_podlove-publisher,2015-05-27 07:47:16 UTC,,,,,
416926,PushEvent,podlove_podlove-publisher,2015-05-31 05:53:20 UTC,,,,,
421996,IssuesEvent,podlove_podlove-publisher,2015-01-12 13:06:40 UTC,,,,,
423426,IssueCommentEvent,podlove_podlove-publisher,2015-06-13 16:13:14 UTC,,,,,
425791,DeleteEvent,podlove_podlove-publisher,2015-09-25 07:27:48 UTC,,,,,
427366,IssueCommentEvent,podlove_podlove-publisher,2015-04-09 11:59:38 UTC,,,,,
427367,IssueCommentEvent,podlove_podlove-publisher,2015-02-15 15:32:34 UTC,,,,,
429870,IssuesEvent,podlove_podlove-publisher,2015-01-07 19:42:05 UTC,,,,,
431214,IssueCommentEvent,podlove_podlove-publisher,2015-06-22 19:01:45 UTC,,,,,
431215,IssueCommentEvent,podlove_podlove-publisher,2015-01-24 10:58:58 UTC,,,,,
433810,IssuesEvent,podlove_podlove-publisher,2015-02-13 13:21:39 UTC,,,,,
435132,IssueCommentEvent,podlove_podlove-publisher,2015-02-19 07:36:04 UTC,,,,,
435133,IssueCommentEvent,podlove_podlove-publisher,2015-02-06 10:38:40 UTC,,,,,
435134,IssueCommentEvent,podlove_podlove-publisher,2015-03-11 05:44:26 UTC,,,,,
439063,IssueCommentEvent,podlove_podlove-publisher,2015-03-06 12:23:51 UTC,,,,,
441681,IssuesEvent,podlove_podlove-publisher,2015-03-16 03:25:11 UTC,,,,,
444497,PushEvent,podlove_podlove-publisher,2015-02-06 15:43:09 UTC,,,,,
447014,IssueCommentEvent,podlove_podlove-publisher,2015-05-06 03:12:27 UTC,,,,,
452384,PushEvent,podlove_podlove-publisher,2015-04-24 10:04:26 UTC,,,,,
452385,PushEvent,podlove_podlove-publisher,2015-05-06 01:17:27 UTC,,,,,
454834,IssueCommentEvent,podlove_podlove-publisher,2015-01-13 19:00:43 UTC,,,,,
454835,IssueCommentEvent,podlove_podlove-publisher,2015-09-29 11:42:20 UTC,,,,,
454836,IssueCommentEvent,podlove_podlove-publisher,2015-02-06 03:19:08 UTC,,,,,
457839,PullRequestEvent,podlove_podlove-publisher,2015-03-03 20:34:35 UTC,,,,,
458823,IssueCommentEvent,podlove_podlove-publisher,2015-01-16 13:32:14 UTC,,,,,
462763,IssueCommentEvent,podlove_podlove-publisher,2015-03-04 14:02:44 UTC,,,,,
465379,IssuesEvent,podlove_podlove-publisher,2015-04-24 11:53:23 UTC,,,,,
469395,IssuesEvent,podlove_podlove-publisher,2015-01-20 20:00:25 UTC,,,,,
470769,IssueCommentEvent,podlove_podlove-publisher,2015-02-04 12:05:11 UTC,,,,,
474661,IssueCommentEvent,podlove_podlove-publisher,2015-02-06 11:51:27 UTC,,,,,
474662,IssueCommentEvent,podlove_podlove-publisher,2015-04-09 19:24:22 UTC,,,,,
474663,IssueCommentEvent,podlove_podlove-publisher,2015-08-30 13:46:58 UTC,,,,,
476083,PushEvent,podlove_podlove-publisher,2015-05-07 05:53:27 UTC,,,,,
477180,IssuesEvent,podlove_podlove-publisher,2015-01-24 12:54:05 UTC,,,,,
477181,IssuesEvent,podlove_podlove-publisher,2015-03-30 20:56:50 UTC,,,,,
478518,IssueCommentEvent,podlove_podlove-publisher,2015-03-10 17:56:49 UTC,,,,,
480010,PushEvent,podlove_podlove-publisher,2015-05-31 03:57:37 UTC,,,,,
480011,PushEvent,podlove_podlove-publisher,2015-05-07 03:18:58 UTC,,,,,
481180,IssuesEvent,podlove_podlove-publisher,2015-01-25 19:37:44 UTC,,,,,
481181,IssuesEvent,podlove_podlove-publisher,2015-07-14 06:10:53 UTC,,,,,
486469,IssueCommentEvent,podlove_podlove-publisher,2015-03-04 13:42:35 UTC,,,,,
486470,IssueCommentEvent,podlove_podlove-publisher,2015-03-17 12:42:55 UTC,,,,,
487897,PushEvent,podlove_podlove-publisher,2015-02-03 19:19:44 UTC,,,,,
490362,IssueCommentEvent,podlove_podlove-publisher,2015-10-13 13:41:54 UTC,,,,,
490363,IssueCommentEvent,podlove_podlove-publisher,2015-06-24 09:27:12 UTC,,,,,
494393,IssueCommentEvent,podlove_podlove-publisher,2015-04-09 13:15:12 UTC,,,,,
504745,IssuesEvent,podlove_podlove-publisher,2015-10-15 13:38:05 UTC,,,,,
504904,ReleaseEvent,podlove_podlove-publisher,2015-04-30 11:26:57 UTC,,,,,
505975,IssueCommentEvent,podlove_podlove-publisher,2015-03-04 15:25:49 UTC,,,,,
505976,IssueCommentEvent,podlove_podlove-publisher,2015-04-27 23:50:17 UTC,,,,,
505977,IssueCommentEvent,podlove_podlove-publisher,2015-03-14 22:55:36 UTC,,,,,
508716,IssuesEvent,podlove_podlove-publisher,2015-01-18 13:58:19 UTC,,,,,
510085,IssueCommentEvent,podlove_podlove-publisher,2015-03-13 14:17:52 UTC,,,,,
516508,IssuesEvent,podlove_podlove-publisher,2015-03-05 13:09:28 UTC,,,,,
516509,IssuesEvent,podlove_podlove-publisher,2015-03-04 06:43:57 UTC,,,,,
516510,IssuesEvent,podlove_podlove-publisher,2015-04-27 04:20:09 UTC,,,,,
517947,IssueCommentEvent,podlove_podlove-publisher,2015-01-31 07:41:07 UTC,,,,,
519334,PushEvent,podlove_podlove-publisher,2015-02-14 12:40:38 UTC,,,,,
519335,PushEvent,podlove_podlove-publisher,2015-02-06 03:14:33 UTC,,,,,
520471,IssuesEvent,podlove_podlove-publisher,2015-04-27 06:57:37 UTC,,,,,
521829,IssueCommentEvent,podlove_podlove-publisher,2015-01-10 15:25:06 UTC,,,,,
521830,IssueCommentEvent,podlove_podlove-publisher,2015-04-28 23:49:16 UTC,,,,,
525740,IssueCommentEvent,podlove_podlove-publisher,2015-11-15 15:20:45 UTC,,,,,
525741,IssueCommentEvent,podlove_podlove-publisher,2015-03-05 13:11:45 UTC,,,,,
533598,IssueCommentEvent,podlove_podlove-publisher,2015-02-16 17:46:46 UTC,,,,,
540083,IssuesEvent,podlove_podlove-publisher,2015-03-17 14:49:09 UTC,,,,,
542936,PushEvent,podlove_podlove-publisher,2015-09-03 08:46:01 UTC,,,,,
543500,WatchEvent,podlove_podlove-publisher,2015-12-18 05:45:27 UTC,,,,,
545438,IssueCommentEvent,podlove_podlove-publisher,2015-03-11 08:46:33 UTC,,,,,
548129,IssuesEvent,podlove_podlove-publisher,2015-04-27 04:18:00 UTC,,,,,
549475,IssueCommentEvent,podlove_podlove-publisher,2015-01-28 12:22:23 UTC,,,,,
550937,PushEvent,podlove_podlove-publisher,2015-01-19 09:26:33 UTC,,,,,
550938,PushEvent,podlove_podlove-publisher,2015-04-24 10:25:00 UTC,,,,,
550939,PushEvent,podlove_podlove-publisher,2015-06-25 01:37:33 UTC,,,,,
551780,CreateEvent,podlove_podlove-publisher,2015-06-01 06:28:48 UTC,,,,,
551781,CreateEvent,podlove_podlove-publisher,2015-04-30 11:24:16 UTC,,,,,
555783,DeleteEvent,podlove_podlove-publisher,2015-09-25 07:28:04 UTC,,,,,
557332,IssueCommentEvent,podlove_podlove-publisher,2015-06-18 13:14:05 UTC,,,,,
558721,PushEvent,podlove_podlove-publisher,2015-11-14 14:49:29 UTC,,,,,
561269,IssueCommentEvent,podlove_podlove-publisher,2015-11-15 12:09:16 UTC,,,,,
562633,PushEvent,podlove_podlove-publisher,2015-09-14 07:39:13 UTC,,,,,
565251,IssueCommentEvent,podlove_podlove-publisher,2015-01-18 15:38:41 UTC,,,,,
565252,IssueCommentEvent,podlove_podlove-publisher,2015-10-07 21:34:20 UTC,,,,,
567801,IssuesEvent,podlove_podlove-publisher,2015-10-11 10:47:04 UTC,,,,,
568184,PullRequestEvent,podlove_podlove-publisher,2015-08-27 17:45:37 UTC,,,,,
569192,IssueCommentEvent,podlove_podlove-publisher,2015-01-12 01:09:53 UTC,,,,,
573129,IssueCommentEvent,podlove_podlove-publisher,2015-04-08 07:58:14 UTC,,,,,
573130,IssueCommentEvent,podlove_podlove-publisher,2015-09-28 08:33:13 UTC,,,,,
574579,PushEvent,podlove_podlove-publisher,2015-04-13 01:25:12 UTC,,,,,
581139,IssueCommentEvent,podlove_podlove-publisher,2015-05-06 03:09:59 UTC,,,,,
581140,IssueCommentEvent,podlove_podlove-publisher,2015-01-19 03:23:48 UTC,,,,,
581141,IssueCommentEvent,podlove_podlove-publisher,2015-02-26 11:48:07 UTC,,,,,
585193,IssueCommentEvent,podlove_podlove-publisher,2015-09-28 08:35:07 UTC,,,,,
587757,IssuesEvent,podlove_podlove-publisher,2015-04-27 05:56:47 UTC,,,,,
589035,IssueCommentEvent,podlove_podlove-publisher,2015-03-18 15:38:19 UTC,,,,,
590528,PushEvent,podlove_podlove-publisher,2015-03-04 15:21:20 UTC,,,,,
593049,IssueCommentEvent,podlove_podlove-publisher,2015-09-29 20:28:02 UTC,,,,,
593050,IssueCommentEvent,podlove_podlove-publisher,2015-01-21 12:45:47 UTC,,,,,
595570,IssuesEvent,podlove_podlove-publisher,2015-11-11 13:02:17 UTC,,,,,
598346,PushEvent,podlove_podlove-publisher,2015-02-16 16:11:21 UTC,,,,,
602381,PushEvent,podlove_podlove-publisher,2015-10-11 06:17:22 UTC,,,,,
603526,IssuesEvent,podlove_podlove-publisher,2015-05-07 11:54:48 UTC,,,,,
604895,IssueCommentEvent,podlove_podlove-publisher,2015-06-10 02:57:20 UTC,,,,,
604896,IssueCommentEvent,podlove_podlove-publisher,2015-02-19 07:38:46 UTC,,,,,
612785,IssueCommentEvent,podlove_podlove-publisher,2015-08-29 03:55:35 UTC,,,,,
614213,PushEvent,podlove_podlove-publisher,2015-04-30 02:31:05 UTC,,,,,
616630,IssueCommentEvent,podlove_podlove-publisher,2015-10-07 21:35:33 UTC,,,,,
616631,IssueCommentEvent,podlove_podlove-publisher,2015-05-06 08:46:21 UTC,,,,,
620704,IssueCommentEvent,podlove_podlove-publisher,2015-02-25 11:58:35 UTC,,,,,
623674,PullRequestEvent,podlove_podlove-publisher,2015-02-25 03:28:32 UTC,,,,,
624715,IssueCommentEvent,podlove_podlove-publisher,2015-05-05 11:35:12 UTC,,,,,
624716,IssueCommentEvent,podlove_podlove-publisher,2015-03-04 13:56:34 UTC,,,,,
624717,IssueCommentEvent,podlove_podlove-publisher,2015-03-05 14:00:08 UTC,,,,,
626113,PushEvent,podlove_podlove-publisher,2015-05-26 11:19:00 UTC,,,,,
627230,IssuesEvent,podlove_podlove-publisher,2015-04-27 03:04:52 UTC,,,,,
627380,ReleaseEvent,podlove_podlove-publisher,2015-11-12 10:18:57 UTC,,,,,
628546,IssueCommentEvent,podlove_podlove-publisher,2015-01-03 10:21:21 UTC,,,,,
628547,IssueCommentEvent,podlove_podlove-publisher,2015-03-04 12:13:01 UTC,,,,,
632515,IssueCommentEvent,podlove_podlove-publisher,2015-01-17 11:46:02 UTC,,,,,
636484,IssueCommentEvent,podlove_podlove-publisher,2015-01-03 10:36:21 UTC,,,,,
636485,IssueCommentEvent,podlove_podlove-publisher,2015-03-10 17:06:20 UTC,,,,,
638520,WatchEvent,podlove_podlove-publisher,2015-02-14 17:20:28 UTC,,,,,
640410,IssueCommentEvent,podlove_podlove-publisher,2015-09-28 09:01:04 UTC,,,,,
640411,IssueCommentEvent,podlove_podlove-publisher,2015-03-17 13:01:11 UTC,,,,,
640412,IssueCommentEvent,podlove_podlove-publisher,2015-04-27 03:09:50 UTC,,,,,
642986,IssuesEvent,podlove_podlove-publisher,2015-06-09 20:34:28 UTC,,,,,
643134,ReleaseEvent,podlove_podlove-publisher,2015-09-25 07:01:16 UTC,,,,,
652289,IssueCommentEvent,podlove_podlove-publisher,2015-10-07 21:38:14 UTC,,,,,
653694,PushEvent,podlove_podlove-publisher,2015-02-16 15:48:55 UTC,,,,,
657677,PushEvent,podlove_podlove-publisher,2015-02-13 05:20:57 UTC,,,,,
660319,IssueCommentEvent,podlove_podlove-publisher,2015-09-24 09:58:50 UTC,,,,,
661729,PushEvent,podlove_podlove-publisher,2015-01-12 01:06:38 UTC,,,,,
662698,CreateEvent,podlove_podlove-publisher,2015-03-24 13:26:02 UTC,,,,,
662966,IssuesEvent,podlove_podlove-publisher,2015-03-30 14:52:49 UTC,,,,,
662967,IssuesEvent,podlove_podlove-publisher,2015-09-25 06:55:40 UTC,,,,,
662968,IssuesEvent,podlove_podlove-publisher,2015-05-06 01:10:17 UTC,,,,,
666883,IssuesEvent,podlove_podlove-publisher,2015-04-27 04:17:35 UTC,,,,,
668163,IssueCommentEvent,podlove_podlove-publisher,2015-01-02 10:06:59 UTC,,,,,
670719,IssuesEvent,podlove_podlove-publisher,2015-02-06 00:32:01 UTC,,,,,
670720,IssuesEvent,podlove_podlove-publisher,2015-11-15 12:54:56 UTC,,,,,
672094,IssueCommentEvent,podlove_podlove-publisher,2015-06-19 12:53:18 UTC,,,,,
672095,IssueCommentEvent,podlove_podlove-publisher,2015-11-16 23:10:11 UTC,,,,,
672096,IssueCommentEvent,podlove_podlove-publisher,2015-01-04 21:06:29 UTC,,,,,
680193,IssueCommentEvent,podlove_podlove-publisher,2015-02-26 13:15:50 UTC,,,,,
684125,IssueCommentEvent,podlove_podlove-publisher,2015-03-11 11:25:36 UTC,,,,,
684126,IssueCommentEvent,podlove_podlove-publisher,2015-03-17 11:48:13 UTC,,,,,
686714,IssuesEvent,podlove_podlove-publisher,2015-02-16 16:11:59 UTC,,,,,
692091,IssueCommentEvent,podlove_podlove-publisher,2015-01-13 10:43:13 UTC,,,,,
692092,IssueCommentEvent,podlove_podlove-publisher,2015-09-30 11:11:47 UTC,,,,,
694535,CreateEvent,podlove_podlove-publisher,2015-05-29 00:43:38 UTC,,,,,
696003,IssueCommentEvent,podlove_podlove-publisher,2015-04-12 20:59:12 UTC,,,,,
698520,GollumEvent,podlove_podlove-publisher,2015-02-13 19:14:38 UTC,,,,,
700134,IssueCommentEvent,podlove_podlove-publisher,2015-06-05 10:04:24 UTC,,,,,
701509,PushEvent,podlove_podlove-publisher,2015-05-29 00:38:24 UTC,,,,,
702671,IssuesEvent,podlove_podlove-publisher,2015-11-18 10:19:59 UTC,,,,,
703935,IssueCommentEvent,podlove_podlove-publisher,2015-10-21 18:18:01 UTC,,,,,
703936,IssueCommentEvent,podlove_podlove-publisher,2015-05-02 02:38:23 UTC,,,,,
707996,IssueCommentEvent,podlove_podlove-publisher,2015-03-06 23:49:42 UTC,,,,,
709391,PushEvent,podlove_podlove-publisher,2015-05-26 08:58:22 UTC,,,,,
710298,CreateEvent,podlove_podlove-publisher,2015-04-24 10:31:49 UTC,,,,,
711938,IssueCommentEvent,podlove_podlove-publisher,2015-04-10 08:32:25 UTC,,,,,
715797,IssueCommentEvent,podlove_podlove-publisher,2015-11-27 17:37:14 UTC,,,,,
715798,IssueCommentEvent,podlove_podlove-publisher,2015-11-27 14:14:34 UTC,,,,,
715799,IssueCommentEvent,podlove_podlove-publisher,2015-03-17 12:56:58 UTC,,,,,
718165,CreateEvent,podlove_podlove-publisher,2015-05-22 23:36:59 UTC,,,,,
719686,IssueCommentEvent,podlove_podlove-publisher,2015-03-07 16:11:12 UTC,,,,,
721142,PushEvent,podlove_podlove-publisher,2015-09-11 03:12:39 UTC,,,,,
723676,IssueCommentEvent,podlove_podlove-publisher,2015-03-18 15:36:21 UTC,,,,,
724729,ForkEvent,podlove_podlove-publisher,2015-03-08 11:26:02 UTC,,,,,
727557,IssueCommentEvent,podlove_podlove-publisher,2015-02-26 13:25:32 UTC,,,,,
727558,IssueCommentEvent,podlove_podlove-publisher,2015-02-26 13:37:31 UTC,,,,,
729045,PushEvent,podlove_podlove-publisher,2015-06-05 03:37:48 UTC,,,,,
730205,IssuesEvent,podlove_podlove-publisher,2015-04-27 06:51:47 UTC,,,,,
733001,PushEvent,podlove_podlove-publisher,2015-06-23 08:12:43 UTC,,,,,
733002,PushEvent,podlove_podlove-publisher,2015-11-13 11:27:31 UTC,,,,,
734142,IssuesEvent,podlove_podlove-publisher,2015-04-27 03:15:33 UTC,,,,,
735516,IssueCommentEvent,podlove_podlove-publisher,2015-02-16 09:44:20 UTC,,,,,
735517,IssueCommentEvent,podlove_podlove-publisher,2015-02-18 04:02:33 UTC,,,,,
736919,PushEvent,podlove_podlove-publisher,2015-09-14 04:45:32 UTC,,,,,
738076,IssuesEvent,podlove_podlove-publisher,2015-02-17 15:59:23 UTC,,,,,
741898,DeleteEvent,podlove_podlove-publisher,2015-05-20 09:41:12 UTC,,,,,
742445,PullRequestEvent,podlove_podlove-publisher,2015-03-02 19:18:47 UTC,,,,,
743302,IssueCommentEvent,podlove_podlove-publisher,2015-01-10 10:43:26 UTC,,,,,
743303,IssueCommentEvent,podlove_podlove-publisher,2015-04-28 15:42:46 UTC,,,,,
743304,IssueCommentEvent,podlove_podlove-publisher,2015-04-25 22:21:26 UTC,,,,,
749788,IssuesEvent,podlove_podlove-publisher,2015-04-27 04:18:52 UTC,,,,,
749789,IssuesEvent,podlove_podlove-publisher,2015-05-06 03:32:32 UTC,,,,,
751174,IssueCommentEvent,podlove_podlove-publisher,2015-02-18 14:12:09 UTC,,,,,
751175,IssueCommentEvent,podlove_podlove-publisher,2015-04-17 22:44:40 UTC,,,,,
753897,IssuesEvent,podlove_podlove-publisher,2015-04-07 15:24:06 UTC,,,,,
754307,PullRequestEvent,podlove_podlove-publisher,2015-03-08 11:28:43 UTC,,,,,
757930,IssuesEvent,podlove_podlove-publisher,2015-07-14 06:08:55 UTC,,,,,
763307,IssueCommentEvent,podlove_podlove-publisher,2015-01-31 06:57:36 UTC,,,,,
769866,IssuesEvent,podlove_podlove-publisher,2015-02-20 10:20:46 UTC,,,,,
771132,IssueCommentEvent,podlove_podlove-publisher,2015-03-12 16:45:00 UTC,,,,,
772541,PushEvent,podlove_podlove-publisher,2015-05-20 10:42:41 UTC,,,,,
773800,ReleaseEvent,podlove_podlove-publisher,2015-06-19 09:05:02 UTC,,,,,
776446,PushEvent,podlove_podlove-publisher,2015-05-19 11:44:07 UTC,,,,,
777539,IssuesEvent,podlove_podlove-publisher,2015-05-07 11:45:34 UTC,,,,,
780436,PushEvent,podlove_podlove-publisher,2015-01-29 15:23:58 UTC,,,,,
782938,IssueCommentEvent,podlove_podlove-publisher,2015-01-02 11:31:53 UTC,,,,,
784365,PushEvent,podlove_podlove-publisher,2015-03-04 16:05:06 UTC,,,,,
786881,IssueCommentEvent,podlove_podlove-publisher,2015-02-05 12:01:16 UTC,,,,,
788428,PushEvent,podlove_podlove-publisher,2015-04-03 07:50:24 UTC,,,,,
789343,CreateEvent,podlove_podlove-publisher,2015-03-04 05:15:40 UTC,,,,,
789607,IssuesEvent,podlove_podlove-publisher,2015-09-28 08:30:20 UTC,,,,,
792392,PushEvent,podlove_podlove-publisher,2015-09-14 07:32:18 UTC,,,,,
793544,IssuesEvent,podlove_podlove-publisher,2015-04-27 03:17:07 UTC,,,,,
796326,PushEvent,podlove_podlove-publisher,2015-03-12 11:22:10 UTC,,,,,
796941,WatchEvent,podlove_podlove-publisher,2015-01-25 15:14:48 UTC,,,,,
798853,IssueCommentEvent,podlove_podlove-publisher,2015-05-02 11:11:50 UTC,,,,,
801229,CreateEvent,podlove_podlove-publisher,2015-11-13 11:30:50 UTC,,,,,
804235,PushEvent,podlove_podlove-publisher,2015-04-20 09:52:52 UTC,,,,,
805410,IssuesEvent,podlove_podlove-publisher,2015-01-04 04:02:39 UTC,,,,,
805411,IssuesEvent,podlove_podlove-publisher,2015-04-27 06:51:02 UTC,,,,,
806818,IssueCommentEvent,podlove_podlove-publisher,2015-03-14 02:47:08 UTC,,,,,
806819,IssueCommentEvent,podlove_podlove-publisher,2015-01-02 11:46:52 UTC,,,,,
808243,PushEvent,podlove_podlove-publisher,2015-03-16 08:43:04 UTC,,,,,
808244,PushEvent,podlove_podlove-publisher,2015-03-12 09:20:29 UTC,,,,,
810665,IssueCommentEvent,podlove_podlove-publisher,2015-05-02 07:52:03 UTC,,,,,
810666,IssueCommentEvent,podlove_podlove-publisher,2015-05-06 09:27:07 UTC,,,,,
812238,PushEvent,podlove_podlove-publisher,2015-04-24 09:09:50 UTC,,,,,
816270,PushEvent,podlove_podlove-publisher,2015-05-02 11:09:56 UTC,,,,,
817700,PullRequestEvent,podlove_podlove-publisher,2015-03-04 04:52:06 UTC,,,,,
821220,IssuesEvent,podlove_podlove-publisher,2015-03-08 17:51:38 UTC,,,,,
825130,IssuesEvent,podlove_podlove-publisher,2015-03-01 23:57:40 UTC,,,,,
827991,PushEvent,podlove_podlove-publisher,2015-04-02 03:29:59 UTC,,,,,
828596,WatchEvent,podlove_podlove-publisher,2015-09-14 17:23:31 UTC,,,,,
828939,GollumEvent,podlove_podlove-publisher,2015-02-09 13:56:11 UTC,,,,,
830602,IssueCommentEvent,podlove_podlove-publisher,2015-01-30 09:23:11 UTC,,,,,
830603,IssueCommentEvent,podlove_podlove-publisher,2015-09-25 08:33:38 UTC,,,,,
840481,WatchEvent,podlove_podlove-publisher,2015-11-02 20:26:02 UTC,,,,,
842376,IssueCommentEvent,podlove_podlove-publisher,2015-01-22 14:55:03 UTC,,,,,
842377,IssueCommentEvent,podlove_podlove-publisher,2015-04-27 04:20:58 UTC,,,,,
842378,IssueCommentEvent,podlove_podlove-publisher,2015-01-13 10:37:06 UTC,,,,,
843745,PushEvent,podlove_podlove-publisher,2015-09-14 05:21:50 UTC,,,,,
849980,IssueCommentEvent,podlove_podlove-publisher,2015-01-28 07:18:40 UTC,,,,,
851434,PushEvent,podlove_podlove-publisher,2015-05-25 08:11:59 UTC,,,,,
851435,PushEvent,podlove_podlove-publisher,2015-10-17 09:44:09 UTC,,,,,
852347,CreateEvent,podlove_podlove-publisher,2015-09-25 06:58:23 UTC,,,,,
853892,IssueCommentEvent,podlove_podlove-publisher,2015-05-25 13:03:22 UTC,,,,,
856345,DeleteEvent,podlove_podlove-publisher,2015-02-27 05:25:17 UTC,,,,,
857882,IssueCommentEvent,podlove_podlove-publisher,2015-01-21 01:24:00 UTC,,,,,
859281,PushEvent,podlove_podlove-publisher,2015-05-27 00:07:44 UTC,,,,,
860425,IssuesEvent,podlove_podlove-publisher,2015-01-02 11:43:26 UTC,,,,,
860587,ReleaseEvent,podlove_podlove-publisher,2015-05-06 03:34:08 UTC,,,,,
861802,IssueCommentEvent,podlove_podlove-publisher,2015-01-02 11:43:10 UTC,,,,,
867166,PushEvent,podlove_podlove-publisher,2015-05-07 06:43:45 UTC,,,,,
869735,IssueCommentEvent,podlove_podlove-publisher,2015-10-02 09:27:01 UTC,,,,,
871149,PushEvent,podlove_podlove-publisher,2015-04-13 01:25:12 UTC,,,,,
871150,PushEvent,podlove_podlove-publisher,2015-05-13 07:34:26 UTC,,,,,
871151,PushEvent,podlove_podlove-publisher,2015-07-13 08:14:16 UTC,,,,,
876209,IssuesEvent,podlove_podlove-publisher,2015-06-09 14:18:44 UTC,,,,,
876210,IssuesEvent,podlove_podlove-publisher,2015-04-27 06:53:07 UTC,,,,,
876211,IssuesEvent,podlove_podlove-publisher,2015-02-15 04:21:13 UTC,,,,,
877500,IssueCommentEvent,podlove_podlove-publisher,2015-05-06 01:05:53 UTC,,,,,
879001,PushEvent,podlove_podlove-publisher,2015-01-02 11:23:16 UTC,,,,,
880121,IssuesEvent,podlove_podlove-publisher,2015-04-27 04:19:42 UTC,,,,,
881517,IssueCommentEvent,podlove_podlove-publisher,2015-11-18 22:48:12 UTC,,,,,
885466,IssueCommentEvent,podlove_podlove-publisher,2015-10-06 16:07:40 UTC,,,,,
885467,IssueCommentEvent,podlove_podlove-publisher,2015-01-19 09:16:43 UTC,,,,,
889350,IssueCommentEvent,podlove_podlove-publisher,2015-08-30 10:08:52 UTC,,,,,
889351,IssueCommentEvent,podlove_podlove-publisher,2015-04-25 09:56:45 UTC,,,,,
890770,PushEvent,podlove_podlove-publisher,2015-08-13 13:31:33 UTC,,,,,
891945,IssuesEvent,podlove_podlove-publisher,2015-10-07 19:40:49 UTC,,,,,
893341,IssueCommentEvent,podlove_podlove-publisher,2015-02-27 11:43:22 UTC,,,,,
894679,PushEvent,podlove_podlove-publisher,2015-05-18 10:09:03 UTC,,,,,
895610,CreateEvent,podlove_podlove-publisher,2015-05-19 12:22:51 UTC,,,,,
895862,IssuesEvent,podlove_podlove-publisher,2015-03-12 22:32:16 UTC,,,,,
895863,IssuesEvent,podlove_podlove-publisher,2015-06-09 20:43:20 UTC,,,,,
897273,IssueCommentEvent,podlove_podlove-publisher,2015-02-15 14:40:20 UTC,,,,,
897274,IssueCommentEvent,podlove_podlove-publisher,2015-08-29 08:58:04 UTC,,,,,
897275,IssueCommentEvent,podlove_podlove-publisher,2015-03-17 15:00:37 UTC,,,,,
898664,PushEvent,podlove_podlove-publisher,2015-03-18 12:44:16 UTC,,,,,
899818,IssuesEvent,podlove_podlove-publisher,2015-01-02 10:21:19 UTC,,,,,
907632,IssuesEvent,podlove_podlove-publisher,2015-04-27 04:24:50 UTC,,,,,
911582,IssuesEvent,podlove_podlove-publisher,2015-02-16 16:11:59 UTC,,,,,
916984,IssueCommentEvent,podlove_podlove-publisher,2015-02-19 11:19:47 UTC,,,,,
918432,PushEvent,podlove_podlove-publisher,2015-06-01 04:54:03 UTC,,,,,
920977,IssueCommentEvent,podlove_podlove-publisher,2015-08-16 14:07:26 UTC,,,,,
922412,PushEvent,podlove_podlove-publisher,2015-04-21 01:24:37 UTC,,,,,
923550,IssuesEvent,podlove_podlove-publisher,2015-09-25 06:55:40 UTC,,,,,
923551,IssuesEvent,podlove_podlove-publisher,2015-09-13 19:14:03 UTC,,,,,
927439,IssuesEvent,podlove_podlove-publisher,2015-09-13 19:10:37 UTC,,,,,
927440,IssuesEvent,podlove_podlove-publisher,2015-04-27 04:21:22 UTC,,,,,
931344,IssuesEvent,podlove_podlove-publisher,2015-05-06 03:13:46 UTC,,,,,
931345,IssuesEvent,podlove_podlove-publisher,2015-05-06 01:05:53 UTC,,,,,
932591,IssueCommentEvent,podlove_podlove-publisher,2015-04-15 17:33:24 UTC,,,,,
932592,IssueCommentEvent,podlove_podlove-publisher,2015-05-06 01:55:21 UTC,,,,,
936613,IssueCommentEvent,podlove_podlove-publisher,2015-06-17 17:38:45 UTC,,,,,
939164,IssuesEvent,podlove_podlove-publisher,2015-02-04 13:26:28 UTC,,,,,
939165,IssuesEvent,podlove_podlove-publisher,2015-02-24 20:17:57 UTC,,,,,
941868,PushEvent,podlove_podlove-publisher,2015-08-16 12:30:37 UTC,,,,,
941869,PushEvent,podlove_podlove-publisher,2015-05-06 03:42:27 UTC,,,,,
943031,IssuesEvent,podlove_podlove-publisher,2015-01-26 17:55:48 UTC,,,,,
943451,PullRequestEvent,podlove_podlove-publisher,2015-05-20 08:32:32 UTC,,,,,
945875,PushEvent,podlove_podlove-publisher,2015-02-14 10:25:01 UTC,,,,,
948357,IssueCommentEvent,podlove_podlove-publisher,2015-04-05 11:13:01 UTC,,,,,
948358,IssueCommentEvent,podlove_podlove-publisher,2015-02-16 16:17:15 UTC,,,,,
949775,PushEvent,podlove_podlove-publisher,2015-10-26 03:00:52 UTC,,,,,
950663,CreateEvent,podlove_podlove-publisher,2015-02-27 05:20:40 UTC,,,,,
950719,DeleteEvent,podlove_podlove-publisher,2015-12-04 11:40:58 UTC,,,,,
954910,IssuesEvent,podlove_podlove-publisher,2015-03-03 10:05:35 UTC,,,,,
954911,IssuesEvent,podlove_podlove-publisher,2015-09-25 06:55:40 UTC,,,,,
958801,IssuesEvent,podlove_podlove-publisher,2015-01-07 08:22:13 UTC,,,,,
964079,IssueCommentEvent,podlove_podlove-publisher,2015-02-19 14:00:13 UTC,,,,,
964833,PullRequestReviewCommentEvent,podlove_podlove-publisher,2015-04-03 03:59:15 UTC,,,,,
967973,IssueCommentEvent,podlove_podlove-publisher,2015-04-10 04:13:05 UTC,,,,,
970277,CreateEvent,podlove_podlove-publisher,2015-03-04 15:23:18 UTC,,,,,
970889,PullRequestEvent,podlove_podlove-publisher,2015-01-24 13:25:09 UTC,,,,,
972874,ForkEvent,podlove_podlove-publisher,2015-05-08 22:18:13 UTC,,,,,
973232,PushEvent,podlove_podlove-publisher,2015-11-15 12:54:56 UTC,,,,,
974175,CreateEvent,podlove_podlove-publisher,2015-06-01 04:54:52 UTC,,,,,
975649,IssueCommentEvent,podlove_podlove-publisher,2015-09-13 17:37:49 UTC,,,,,
975650,IssueCommentEvent,podlove_podlove-publisher,2015-04-10 13:11:27 UTC,,,,,
979795,IssueCommentEvent,podlove_podlove-publisher,2015-08-25 14:25:26 UTC,,,,,
979796,IssueCommentEvent,podlove_podlove-publisher,2015-01-29 09:21:01 UTC,,,,,
979797,IssueCommentEvent,podlove_podlove-publisher,2015-03-05 13:00:42 UTC,,,,,
982292,IssuesEvent,podlove_podlove-publisher,2015-06-24 09:27:12 UTC,,,,,
983699,IssueCommentEvent,podlove_podlove-publisher,2015-02-27 20:00:00 UTC,,,,,
986301,ReleaseEvent,podlove_podlove-publisher,2015-04-24 10:12:20 UTC,,,,,
987617,IssueCommentEvent,podlove_podlove-publisher,2015-02-16 10:05:35 UTC,,,,,
991504,IssueCommentEvent,podlove_podlove-publisher,2015-02-26 12:28:38 UTC,,,,,
991505,IssueCommentEvent,podlove_podlove-publisher,2015-08-29 09:15:19 UTC,,,,,
992954,PushEvent,podlove_podlove-publisher,2015-02-15 04:21:13 UTC,,,,,
995463,IssueCommentEvent,podlove_podlove-publisher,2015-10-12 20:12:14 UTC,,,,,
999252,IssueCommentEvent,podlove_podlove-publisher,2015-01-03 14:04:18 UTC,,,,,
1000704,PushEvent,podlove_podlove-publisher,2015-08-16 12:30:37 UTC,,,,,
1001633,CreateEvent,podlove_podlove-publisher,2015-05-27 07:44:37 UTC,,,,,
1002208,PullRequestEvent,podlove_podlove-publisher,2015-08-30 10:08:52 UTC,,,,,
1005229,WatchEvent,podlove_podlove-publisher,2015-01-20 17:09:54 UTC,,,,,
1006116,PullRequestEvent,podlove_podlove-publisher,2015-10-20 18:52:39 UTC,,,,,
1011032,IssueCommentEvent,podlove_podlove-publisher,2015-01-19 10:22:17 UTC,,,,,
1011033,IssueCommentEvent,podlove_podlove-publisher,2015-02-27 11:39:33 UTC,,,,,
1014997,IssueCommentEvent,podlove_podlove-publisher,2015-02-16 09:02:34 UTC,,,,,
1014998,IssueCommentEvent,podlove_podlove-publisher,2015-09-14 09:38:30 UTC,,,,,
1014999,IssueCommentEvent,podlove_podlove-publisher,2015-02-24 20:40:41 UTC,,,,,
1015000,IssueCommentEvent,podlove_podlove-publisher,2015-05-31 10:34:47 UTC,,,,,
1016394,PushEvent,podlove_podlove-publisher,2015-07-14 01:24:02 UTC,,,,,
1018992,IssueCommentEvent,podlove_podlove-publisher,2015-04-01 23:55:17 UTC,,,,,
1021085,WatchEvent,podlove_podlove-publisher,2015-01-12 19:45:02 UTC,,,,,
1022893,IssueCommentEvent,podlove_podlove-publisher,2015-02-26 13:30:21 UTC,,,,,
1025963,PullRequestEvent,podlove_podlove-publisher,2015-04-19 20:14:41 UTC,,,,,
1027935,ForkEvent,podlove_podlove-publisher,2015-02-28 09:39:10 UTC,,,,,
1027936,ForkEvent,podlove_podlove-publisher,2015-03-05 16:41:56 UTC,,,,,
1028359,PushEvent,podlove_podlove-publisher,2015-07-14 03:23:40 UTC,,,,,
1030953,IssueCommentEvent,podlove_podlove-publisher,2015-04-06 20:02:09 UTC,,,,,
1037525,IssuesEvent,podlove_podlove-publisher,2015-01-22 16:12:20 UTC,,,,,
1037526,IssuesEvent,podlove_podlove-publisher,2015-02-18 13:00:02 UTC,,,,,
1040232,PushEvent,podlove_podlove-publisher,2015-09-25 04:43:04 UTC,,,,,
1041239,CreateEvent,podlove_podlove-publisher,2015-11-12 10:18:26 UTC,,,,,
1042718,IssueCommentEvent,podlove_podlove-publisher,2015-03-02 21:12:06 UTC,,,,,
1045261,IssuesEvent,podlove_podlove-publisher,2015-09-05 16:24:28 UTC,,,,,
1045262,IssuesEvent,podlove_podlove-publisher,2015-02-15 15:13:41 UTC,,,,,
1045263,IssuesEvent,podlove_podlove-publisher,2015-02-16 09:08:37 UTC,,,,,
1046633,IssueCommentEvent,podlove_podlove-publisher,2015-08-30 13:19:46 UTC,,,,,
1048077,PushEvent,podlove_podlove-publisher,2015-04-19 12:56:20 UTC,,,,,
1050637,IssueCommentEvent,podlove_podlove-publisher,2015-01-17 09:58:02 UTC,,,,,
1050638,IssueCommentEvent,podlove_podlove-publisher,2015-03-12 05:40:16 UTC,,,,,
1052065,PushEvent,podlove_podlove-publisher,2015-07-14 02:50:15 UTC,,,,,
1054496,IssueCommentEvent,podlove_podlove-publisher,2015-03-24 12:21:17 UTC,,,,,
1054497,IssueCommentEvent,podlove_podlove-publisher,2015-01-02 10:23:56 UTC,,,,,
1054498,IssueCommentEvent,podlove_podlove-publisher,2015-09-17 08:44:36 UTC,,,,,
1058460,IssueCommentEvent,podlove_podlove-publisher,2015-05-02 12:36:24 UTC,,,,,
1058461,IssueCommentEvent,podlove_podlove-publisher,2015-01-18 07:53:52 UTC,,,,,
1062357,IssueCommentEvent,podlove_podlove-publisher,2015-01-03 09:45:37 UTC,,,,,
1062358,IssueCommentEvent,podlove_podlove-publisher,2015-06-23 09:40:42 UTC,,,,,
1062359,IssueCommentEvent,podlove_podlove-publisher,2015-02-15 18:06:10 UTC,,,,,
1066558,IssueCommentEvent,podlove_podlove-publisher,2015-06-13 16:15:37 UTC,,,,,
1066559,IssueCommentEvent,podlove_podlove-publisher,2015-03-22 11:49:50 UTC,,,,,
1066560,IssueCommentEvent,podlove_podlove-publisher,2015-03-17 14:16:57 UTC,,,,,
1069137,IssuesEvent,podlove_podlove-publisher,2015-03-04 15:21:19 UTC,,,,,
1069138,IssuesEvent,podlove_podlove-publisher,2015-09-24 10:07:49 UTC,,,,,
1070442,IssueCommentEvent,podlove_podlove-publisher,2015-02-05 20:12:55 UTC,,,,,
1070443,IssueCommentEvent,podlove_podlove-publisher,2015-02-14 14:02:41 UTC,,,,,
1070444,IssueCommentEvent,podlove_podlove-publisher,2015-01-29 07:56:48 UTC,,,,,
1077020,IssuesEvent,podlove_podlove-publisher,2015-11-14 15:45:44 UTC,,,,,
1079748,PushEvent,podlove_podlove-publisher,2015-05-20 10:07:24 UTC,,,,,
1079749,PushEvent,podlove_podlove-publisher,2015-04-08 09:13:25 UTC,,,,,
1080872,IssuesEvent,podlove_podlove-publisher,2015-05-05 10:21:14 UTC,,,,,
1082117,IssueCommentEvent,podlove_podlove-publisher,2015-08-29 09:23:39 UTC,,,,,
1083684,PushEvent,podlove_podlove-publisher,2015-05-13 03:26:09 UTC,,,,,
1085187,PullRequestEvent,podlove_podlove-publisher,2015-02-28 09:43:33 UTC,,,,,
1088731,IssuesEvent,podlove_podlove-publisher,2015-09-17 08:14:28 UTC,,,,,
1090142,IssueCommentEvent,podlove_podlove-publisher,2015-01-23 10:45:13 UTC,,,,,
1093971,IssueCommentEvent,podlove_podlove-publisher,2015-08-30 10:23:03 UTC,,,,,
1093972,IssueCommentEvent,podlove_podlove-publisher,2015-01-16 00:09:02 UTC,,,,,
1101693,IssueCommentEvent,podlove_podlove-publisher,2015-06-27 06:06:11 UTC,,,,,
1109642,IssueCommentEvent,podlove_podlove-publisher,2015-09-24 10:07:49 UTC,,,,,
1116307,IssuesEvent,podlove_podlove-publisher,2015-11-18 22:47:44 UTC,,,,,
1117698,IssueCommentEvent,podlove_podlove-publisher,2015-05-02 10:47:55 UTC,,,,,
1118655,ForkEvent,podlove_podlove-publisher,2015-10-24 21:40:06 UTC,,,,,
1125463,IssueCommentEvent,podlove_podlove-publisher,2015-04-10 10:39:31 UTC,,,,,
1128498,PullRequestEvent,podlove_podlove-publisher,2015-02-28 11:17:57 UTC,,,,,
1132070,IssuesEvent,podlove_podlove-publisher,2015-03-17 15:00:37 UTC,,,,,
1133438,IssueCommentEvent,podlove_podlove-publisher,2015-02-24 20:43:00 UTC,,,,,
1136061,IssuesEvent,podlove_podlove-publisher,2015-04-02 22:27:22 UTC,,,,,
1137499,IssueCommentEvent,podlove_podlove-publisher,2015-12-17 15:00:10 UTC,,,,,
1137500,IssueCommentEvent,podlove_podlove-publisher,2015-02-26 11:41:51 UTC,,,,,
1141391,IssueCommentEvent,podlove_podlove-publisher,2015-03-03 10:36:31 UTC,,,,,
1141392,IssueCommentEvent,podlove_podlove-publisher,2015-02-28 11:44:50 UTC,,,,,
1148136,IssuesEvent,podlove_podlove-publisher,2015-11-16 22:26:14 UTC,,,,,
1158626,PushEvent,podlove_podlove-publisher,2015-12-04 11:35:46 UTC,,,,,
1165273,IssueCommentEvent,podlove_podlove-publisher,2015-05-23 20:28:27 UTC,,,,,
1167541,CreateEvent,podlove_podlove-publisher,2015-12-04 11:38:40 UTC,,,,,
1168146,PullRequestEvent,podlove_podlove-publisher,2015-01-19 09:16:43 UTC,,,,,
1169048,IssueCommentEvent,podlove_podlove-publisher,2015-11-15 11:56:53 UTC,,,,,
1173000,IssueCommentEvent,podlove_podlove-publisher,2015-02-16 17:22:47 UTC,,,,,
1173001,IssueCommentEvent,podlove_podlove-publisher,2015-10-11 03:34:11 UTC,,,,,
1174448,PushEvent,podlove_podlove-publisher,2015-05-18 06:48:20 UTC,,,,,
1175977,PullRequestEvent,podlove_podlove-publisher,2015-08-30 10:21:52 UTC,,,,,
1176988,IssueCommentEvent,podlove_podlove-publisher,2015-02-18 15:21:50 UTC,,,,,
1179961,PullRequestEvent,podlove_podlove-publisher,2015-05-20 08:31:20 UTC,,,,,
1180954,IssueCommentEvent,podlove_podlove-publisher,2015-05-25 12:15:58 UTC,,,,,
1184813,IssueCommentEvent,podlove_podlove-publisher,2015-04-06 00:06:34 UTC,,,,,
1186341,PushEvent,podlove_podlove-publisher,2015-04-16 06:31:56 UTC,,,,,
1186342,PushEvent,podlove_podlove-publisher,2015-09-09 05:39:25 UTC,,,,,
1188813,IssueCommentEvent,podlove_podlove-publisher,2015-03-14 08:52:05 UTC,,,,,
1191227,DeleteEvent,podlove_podlove-publisher,2015-11-15 13:13:30 UTC,,,,,
1191430,IssuesEvent,podlove_podlove-publisher,2015-03-11 11:25:36 UTC,,,,,
1191431,IssuesEvent,podlove_podlove-publisher,2015-11-14 08:15:50 UTC,,,,,
1194219,PushEvent,podlove_podlove-publisher,2015-04-27 06:48:23 UTC,,,,,
1195180,DeleteEvent,podlove_podlove-publisher,2015-05-29 00:42:36 UTC,,,,,
1196662,IssueCommentEvent,podlove_podlove-publisher,2015-03-06 12:59:56 UTC,,,,,
1196663,IssueCommentEvent,podlove_podlove-publisher,2015-05-25 12:45:29 UTC,,,,,
1196664,IssueCommentEvent,podlove_podlove-publisher,2015-04-27 07:52:49 UTC,,,,,
1196665,IssueCommentEvent,podlove_podlove-publisher,2015-04-27 03:15:01 UTC,,,,,
1196666,IssueCommentEvent,podlove_podlove-publisher,2015-04-13 04:56:00 UTC,,,,,
1200296,IssueCommentEvent,podlove_podlove-publisher,2015-02-27 06:56:40 UTC,,,,,
1201792,ForkEvent,podlove_podlove-publisher,2015-08-27 17:33:25 UTC,,,,,
1203360,IssuesEvent,podlove_podlove-publisher,2015-06-09 22:05:09 UTC,,,,,
1203361,IssuesEvent,podlove_podlove-publisher,2015-03-05 15:31:14 UTC,,,,,
1204782,IssueCommentEvent,podlove_podlove-publisher,2015-02-06 11:50:06 UTC,,,,,
1208697,IssueCommentEvent,podlove_podlove-publisher,2015-06-24 08:31:51 UTC,,,,,
1210075,PushEvent,podlove_podlove-publisher,2015-03-04 04:52:07 UTC,,,,,
1212619,IssueCommentEvent,podlove_podlove-publisher,2015-03-03 21:34:05 UTC,,,,,
1212620,IssueCommentEvent,podlove_podlove-publisher,2015-01-31 07:21:51 UTC,,,,,
1214038,PushEvent,podlove_podlove-publisher,2015-05-05 11:54:22 UTC,,,,,
1216546,IssueCommentEvent,podlove_podlove-publisher,2015-01-19 09:27:27 UTC,,,,,
1217938,PushEvent,podlove_podlove-publisher,2015-09-14 07:45:20 UTC,,,,,
1219137,IssuesEvent,podlove_podlove-publisher,2015-01-06 10:14:02 UTC,,,,,
1220547,IssueCommentEvent,podlove_podlove-publisher,2015-04-26 13:57:36 UTC,,,,,
1224529,IssueCommentEvent,podlove_podlove-publisher,2015-06-05 09:46:47 UTC,,,,,
1227080,GollumEvent,podlove_podlove-publisher,2015-02-09 13:35:50 UTC,,,,,
1231267,IssuesEvent,podlove_podlove-publisher,2015-01-30 08:35:27 UTC,,,,,
1232675,IssueCommentEvent,podlove_podlove-publisher,2015-01-29 08:46:46 UTC,,,,,
1238114,PushEvent,podlove_podlove-publisher,2015-03-16 07:27:28 UTC,,,,,
1239281,IssuesEvent,podlove_podlove-publisher,2015-12-04 15:33:32 UTC,,,,,
1239282,IssuesEvent,podlove_podlove-publisher,2015-01-22 16:22:53 UTC,,,,,
1244636,IssueCommentEvent,podlove_podlove-publisher,2015-05-05 11:16:24 UTC,,,,,
1244637,IssueCommentEvent,podlove_podlove-publisher,2015-01-05 17:32:11 UTC,,,,,
1247618,PullRequestEvent,podlove_podlove-publisher,2015-02-27 04:54:26 UTC,,,,,
1250897,CreateEvent,podlove_podlove-publisher,2015-05-06 03:36:05 UTC,,,,,
1251114,IssuesEvent,podlove_podlove-publisher,2015-02-16 04:10:35 UTC,,,,,
1253909,PushEvent,podlove_podlove-publisher,2015-01-23 13:11:35 UTC,,,,,
1255086,IssuesEvent,podlove_podlove-publisher,2015-01-31 10:31:59 UTC,,,,,
1256495,IssueCommentEvent,podlove_podlove-publisher,2015-02-26 12:21:44 UTC,,,,,
1257872,PushEvent,podlove_podlove-publisher,2015-04-27 06:24:22 UTC,,,,,
1257873,PushEvent,podlove_podlove-publisher,2015-05-06 03:32:32 UTC,,,,,
1258518,WatchEvent,podlove_podlove-publisher,2015-10-05 02:34:46 UTC,,,,,
1260478,IssueCommentEvent,podlove_podlove-publisher,2015-03-06 09:37:24 UTC,,,,,
1260479,IssueCommentEvent,podlove_podlove-publisher,2015-04-27 03:12:59 UTC,,,,,
1264389,IssueCommentEvent,podlove_podlove-publisher,2015-04-25 02:38:10 UTC,,,,,
1265850,PushEvent,podlove_podlove-publisher,2015-04-27 00:44:56 UTC,,,,,
1266963,IssuesEvent,podlove_podlove-publisher,2015-04-27 04:20:58 UTC,,,,,
1269781,PushEvent,podlove_podlove-publisher,2015-05-20 03:27:37 UTC,,,,,
1272290,IssueCommentEvent,podlove_podlove-publisher,2015-02-15 20:57:23 UTC,,,,,
1276045,IssueCommentEvent,podlove_podlove-publisher,2015-02-27 22:31:07 UTC,,,,,
1276046,IssueCommentEvent,podlove_podlove-publisher,2015-03-04 04:20:56 UTC,,,,,
1277485,PushEvent,podlove_podlove-publisher,2015-06-26 04:19:11 UTC,,,,,
1278661,IssuesEvent,podlove_podlove-publisher,2015-05-06 03:12:57 UTC,,,,,
1279992,IssueCommentEvent,podlove_podlove-publisher,2015-01-21 16:46:03 UTC,,,,,
1282651,IssuesEvent,podlove_podlove-publisher,2015-02-19 04:39:16 UTC,,,,,
1282652,IssuesEvent,podlove_podlove-publisher,2015-01-22 12:37:50 UTC,,,,,
1285427,PushEvent,podlove_podlove-publisher,2015-02-21 10:21:33 UTC,,,,,
1285428,PushEvent,podlove_podlove-publisher,2015-05-18 01:17:25 UTC,,,,,
1288000,IssueCommentEvent,podlove_podlove-publisher,2015-03-04 08:49:33 UTC,,,,,
1288001,IssueCommentEvent,podlove_podlove-publisher,2015-03-04 15:57:14 UTC,,,,,
1289408,PushEvent,podlove_podlove-publisher,2015-04-02 03:22:45 UTC,,,,,
1290365,CreateEvent,podlove_podlove-publisher,2015-08-30 13:11:45 UTC,,,,,
1290614,IssuesEvent,podlove_podlove-publisher,2015-03-16 03:23:41 UTC,,,,,
1290615,IssuesEvent,podlove_podlove-publisher,2015-02-16 17:04:30 UTC,,,,,
1297346,PushEvent,podlove_podlove-publisher,2015-05-05 11:27:44 UTC,,,,,
1298573,IssuesEvent,podlove_podlove-publisher,2015-02-13 20:25:43 UTC,,,,,
1299805,IssueCommentEvent,podlove_podlove-publisher,2015-03-13 15:03:10 UTC,,,,,
1303758,IssueCommentEvent,podlove_podlove-publisher,2015-04-27 02:20:08 UTC,,,,,
1307759,IssueCommentEvent,podlove_podlove-publisher,2015-01-02 10:34:11 UTC,,,,,
1310326,IssuesEvent,podlove_podlove-publisher,2015-04-15 17:33:24 UTC,,,,,
1311707,IssueCommentEvent,podlove_podlove-publisher,2015-03-16 00:05:04 UTC,,,,,
1314259,IssuesEvent,podlove_podlove-publisher,2015-04-02 10:08:38 UTC,,,,,
1319498,IssueCommentEvent,podlove_podlove-publisher,2015-02-16 04:23:33 UTC,,,,,
1320932,PushEvent,podlove_podlove-publisher,2015-07-02 07:10:17 UTC,,,,,
1321886,DeleteEvent,podlove_podlove-publisher,2015-03-04 15:29:39 UTC,,,,,
1323456,IssueCommentEvent,podlove_podlove-publisher,2015-01-16 16:08:20 UTC,,,,,
1331020,IssueCommentEvent,podlove_podlove-publisher,2015-03-04 10:24:25 UTC,,,,,
1335233,IssueCommentEvent,podlove_podlove-publisher,2015-12-18 09:05:03 UTC,,,,,
1335234,IssueCommentEvent,podlove_podlove-publisher,2015-02-16 13:49:36 UTC,,,,,
1336806,PushEvent,podlove_podlove-publisher,2015-04-17 09:07:46 UTC,,,,,
1339357,IssueCommentEvent,podlove_podlove-publisher,2015-01-22 16:53:14 UTC,,,,,
1343386,IssueCommentEvent,podlove_podlove-publisher,2015-04-03 07:26:46 UTC,,,,,
1344762,PushEvent,podlove_podlove-publisher,2015-05-20 03:10:49 UTC,,,,,
1351190,IssueCommentEvent,podlove_podlove-publisher,2015-02-05 11:42:21 UTC,,,,,
1353724,IssuesEvent,podlove_podlove-publisher,2015-02-16 16:11:59 UTC,,,,,
1355219,IssueCommentEvent,podlove_podlove-publisher,2015-01-05 08:37:04 UTC,,,,,
1355220,IssueCommentEvent,podlove_podlove-publisher,2015-01-28 20:37:15 UTC,,,,,
1355221,IssueCommentEvent,podlove_podlove-publisher,2015-09-13 17:15:36 UTC,,,,,
1355995,PullRequestReviewCommentEvent,podlove_podlove-publisher,2015-04-03 03:53:44 UTC,,,,,
1367173,IssueCommentEvent,podlove_podlove-publisher,2015-03-04 07:21:03 UTC,,,,,
1367174,IssueCommentEvent,podlove_podlove-publisher,2015-01-18 11:17:13 UTC,,,,,
1369679,IssuesEvent,podlove_podlove-publisher,2015-04-27 03:12:13 UTC,,,,,
1371066,IssueCommentEvent,podlove_podlove-publisher,2015-02-15 14:29:16 UTC,,,,,
1372549,PushEvent,podlove_podlove-publisher,2015-05-11 02:08:10 UTC,,,,,
1375107,IssueCommentEvent,podlove_podlove-publisher,2015-04-27 06:59:43 UTC,,,,,
1375108,IssueCommentEvent,podlove_podlove-publisher,2015-04-10 08:46:34 UTC,,,,,
1377764,IssuesEvent,podlove_podlove-publisher,2015-01-02 11:49:17 UTC,,,,,
1379186,IssueCommentEvent,podlove_podlove-publisher,2015-02-18 18:40:50 UTC,,,,,
1385535,DeleteEvent,podlove_podlove-publisher,2015-02-13 13:42:26 UTC,,,,,
1385536,DeleteEvent,podlove_podlove-publisher,2015-05-19 11:07:46 UTC,,,,,
1385711,IssuesEvent,podlove_podlove-publisher,2015-09-24 09:43:39 UTC,,,,,
1385712,IssuesEvent,podlove_podlove-publisher,2015-01-02 10:15:22 UTC,,,,,
1386044,PullRequestEvent,podlove_podlove-publisher,2015-01-24 20:29:33 UTC,,,,,
1386950,IssueCommentEvent,podlove_podlove-publisher,2015-03-17 14:52:28 UTC,,,,,
1386951,IssueCommentEvent,podlove_podlove-publisher,2015-06-05 08:24:48 UTC,,,,,
1386952,IssueCommentEvent,podlove_podlove-publisher,2015-01-03 17:14:15 UTC,,,,,
1388506,PushEvent,podlove_podlove-publisher,2015-06-19 09:03:26 UTC,,,,,
1391031,IssueCommentEvent,podlove_podlove-publisher,2015-01-18 11:35:07 UTC,,,,,
1391032,IssueCommentEvent,podlove_podlove-publisher,2015-02-27 09:05:31 UTC,,,,,
1391033,IssueCommentEvent,podlove_podlove-publisher,2015-06-13 16:42:31 UTC,,,,,
1392460,PushEvent,podlove_podlove-publisher,2015-02-10 05:10:58 UTC,,,,,
1393551,IssuesEvent,podlove_podlove-publisher,2015-11-18 21:32:42 UTC,,,,,
1398891,IssueCommentEvent,podlove_podlove-publisher,2015-02-26 11:49:47 UTC,,,,,
1401116,CreateEvent,podlove_podlove-publisher,2015-05-01 10:12:26 UTC,,,,,
1404194,PushEvent,podlove_podlove-publisher,2015-05-03 06:01:21 UTC,,,,,
1405400,IssuesEvent,podlove_podlove-publisher,2015-02-15 18:29:26 UTC,,,,,
1406779,IssueCommentEvent,podlove_podlove-publisher,2015-01-06 11:08:07 UTC,,,,,
1409158,CreateEvent,podlove_podlove-publisher,2015-05-31 05:57:40 UTC,,,,,
1414748,IssueCommentEvent,podlove_podlove-publisher,2015-02-26 10:10:33 UTC,,,,,
1416324,PushEvent,podlove_podlove-publisher,2015-06-27 06:06:05 UTC,,,,,
1418896,IssueCommentEvent,podlove_podlove-publisher,2015-02-27 07:37:45 UTC,,,,,
1421283,DeleteEvent,podlove_podlove-publisher,2015-01-02 11:19:05 UTC,,,,,
1421484,IssuesEvent,podlove_podlove-publisher,2015-01-03 00:49:35 UTC,,,,,
1421627,ReleaseEvent,podlove_podlove-publisher,2015-02-13 13:39:20 UTC,,,,,
1424304,PushEvent,podlove_podlove-publisher,2015-05-20 05:36:48 UTC,,,,,
1425194,CreateEvent,podlove_podlove-publisher,2015-05-29 00:39:10 UTC,,,,,
1425466,IssuesEvent,podlove_podlove-publisher,2015-01-19 09:27:54 UTC,,,,,
1425467,IssuesEvent,podlove_podlove-publisher,2015-06-24 08:05:29 UTC,,,,,
1428267,PushEvent,podlove_podlove-publisher,2015-03-05 13:15:21 UTC,,,,,
1428268,PushEvent,podlove_podlove-publisher,2015-03-16 08:41:54 UTC,,,,,
1429197,DeleteEvent,podlove_podlove-publisher,2015-11-12 10:21:28 UTC,,,,,
1429422,IssuesEvent,podlove_podlove-publisher,2015-03-10 15:15:50 UTC,,,,,
1430747,IssueCommentEvent,podlove_podlove-publisher,2015-08-29 04:02:30 UTC,,,,,
1433005,CreateEvent,podlove_podlove-publisher,2015-02-14 12:20:55 UTC,,,,,
1433258,IssuesEvent,podlove_podlove-publisher,2015-02-11 23:48:38 UTC,,,,,
1434668,IssueCommentEvent,podlove_podlove-publisher,2015-02-15 09:40:02 UTC,,,,,
1441126,IssuesEvent,podlove_podlove-publisher,2015-01-26 17:57:48 UTC,,,,,
1441127,IssuesEvent,podlove_podlove-publisher,2015-04-27 21:13:11 UTC,,,,,
1442516,IssueCommentEvent,podlove_podlove-publisher,2015-03-08 02:33:19 UTC,,,,,
1443451,ForkEvent,podlove_podlove-publisher,2015-01-13 09:17:00 UTC,,,,,
1449295,PullRequestEvent,podlove_podlove-publisher,2015-05-18 07:01:52 UTC,,,,,
1456642,IssuesEvent,podlove_podlove-publisher,2015-04-27 06:58:25 UTC,,,,,
1459634,PushEvent,podlove_podlove-publisher,2015-05-26 04:44:46 UTC,,,,,
1459635,PushEvent,podlove_podlove-publisher,2015-05-22 09:29:11 UTC,,,,,
1463618,PushEvent,podlove_podlove-publisher,2015-05-09 00:56:01 UTC,,,,,
1464797,IssuesEvent,podlove_podlove-publisher,2015-04-30 11:23:40 UTC,,,,,
1466191,IssueCommentEvent,podlove_podlove-publisher,2015-02-14 12:10:05 UTC,,,,,
1467247,ForkEvent,podlove_podlove-publisher,2015-05-30 15:48:49 UTC,,,,,
1471524,PushEvent,podlove_podlove-publisher,2015-06-01 04:47:43 UTC,,,,,
1472687,IssuesEvent,podlove_podlove-publisher,2015-01-08 14:29:41 UTC,,,,,
1475483,PushEvent,podlove_podlove-publisher,2015-05-13 07:30:55 UTC,,,,,
1476102,WatchEvent,podlove_podlove-publisher,2015-11-02 21:22:53 UTC,,,,,
1476411,DeleteEvent,podlove_podlove-publisher,2015-05-27 07:43:49 UTC,,,,,
1476619,IssuesEvent,podlove_podlove-publisher,2015-09-25 09:10:03 UTC,,,,,
1476620,IssuesEvent,podlove_podlove-publisher,2015-12-05 10:46:16 UTC,,,,,
1477998,IssueCommentEvent,podlove_podlove-publisher,2015-10-07 06:48:32 UTC,,,,,
1480584,IssuesEvent,podlove_podlove-publisher,2015-01-31 06:57:36 UTC,,,,,
1480585,IssuesEvent,podlove_podlove-publisher,2015-02-27 04:54:27 UTC,,,,,
1487374,PushEvent,podlove_podlove-publisher,2015-05-13 06:22:15 UTC,,,,,
1489924,IssueCommentEvent,podlove_podlove-publisher,2015-04-25 10:34:06 UTC,,,,,
1489925,IssueCommentEvent,podlove_podlove-publisher,2015-06-13 15:11:53 UTC,,,,,
1489926,IssueCommentEvent,podlove_podlove-publisher,2015-02-24 20:48:05 UTC,,,,,
1491309,PushEvent,podlove_podlove-publisher,2015-06-25 03:04:07 UTC,,,,,
1492407,IssuesEvent,podlove_podlove-publisher,2015-01-24 20:32:56 UTC,,,,,
1493778,IssueCommentEvent,podlove_podlove-publisher,2015-05-25 12:46:00 UTC,,,,,
1495135,PushEvent,podlove_podlove-publisher,2015-12-08 10:09:15 UTC,,,,,
1496077,DeleteEvent,podlove_podlove-publisher,2015-02-14 10:28:41 UTC,,,,,
1496275,IssuesEvent,podlove_podlove-publisher,2015-02-16 17:41:58 UTC,,,,,
1497535,IssueCommentEvent,podlove_podlove-publisher,2015-03-07 18:33:07 UTC,,,,,
1497536,IssueCommentEvent,podlove_podlove-publisher,2015-03-07 16:12:50 UTC,,,,,
1497537,IssueCommentEvent,podlove_podlove-publisher,2015-04-10 11:32:48 UTC,,,,,
1497538,IssueCommentEvent,podlove_podlove-publisher,2015-03-13 14:29:33 UTC,,,,,
1500306,IssuesEvent,podlove_podlove-publisher,2015-06-16 14:21:43 UTC,,,,,
1501741,IssueCommentEvent,podlove_podlove-publisher,2015-03-13 16:02:12 UTC,,,,,
1505521,IssueCommentEvent,podlove_podlove-publisher,2015-02-03 19:21:46 UTC,,,,,
1509420,IssueCommentEvent,podlove_podlove-publisher,2015-08-25 14:49:34 UTC,,,,,
1509421,IssueCommentEvent,podlove_podlove-publisher,2015-01-25 19:35:12 UTC,,,,,
1511847,DeleteEvent,podlove_podlove-publisher,2015-04-24 10:27:48 UTC,,,,,
1512038,IssuesEvent,podlove_podlove-publisher,2015-04-25 22:04:17 UTC,,,,,
1515948,IssuesEvent,podlove_podlove-publisher,2015-01-02 11:39:00 UTC,,,,,
1515949,IssuesEvent,podlove_podlove-publisher,2015-03-20 23:02:05 UTC,,,,,
1515950,IssuesEvent,podlove_podlove-publisher,2015-05-06 01:04:51 UTC,,,,,
1518678,PushEvent,podlove_podlove-publisher,2015-01-28 15:50:54 UTC,,,,,
1518679,PushEvent,podlove_podlove-publisher,2015-04-17 10:03:05 UTC,,,,,
1522571,PushEvent,podlove_podlove-publisher,2015-04-03 08:03:53 UTC,,,,,
1524999,IssueCommentEvent,podlove_podlove-publisher,2015-03-17 11:35:22 UTC,,,,,
1527653,IssuesEvent,podlove_podlove-publisher,2015-07-14 06:02:47 UTC,,,,,
1529061,IssueCommentEvent,podlove_podlove-publisher,2015-01-25 08:59:04 UTC,,,,,
1531310,CreateEvent,podlove_podlove-publisher,2015-03-03 20:15:46 UTC,,,,,
1532554,IssueCommentEvent,podlove_podlove-publisher,2015-03-14 01:41:41 UTC,,,,,
1537003,IssueCommentEvent,podlove_podlove-publisher,2015-01-21 12:21:30 UTC,,,,,
1537004,IssueCommentEvent,podlove_podlove-publisher,2015-03-02 10:04:32 UTC,,,,,
1539907,PullRequestEvent,podlove_podlove-publisher,2015-06-27 05:29:43 UTC,,,,,
1540902,IssueCommentEvent,podlove_podlove-publisher,2015-04-08 07:29:35 UTC,,,,,
1541837,ForkEvent,podlove_podlove-publisher,2015-04-16 07:08:42 UTC,,,,,
1542221,PushEvent,podlove_podlove-publisher,2015-01-26 16:38:26 UTC,,,,,
1543393,IssuesEvent,podlove_podlove-publisher,2015-11-20 11:45:10 UTC,,,,,
1544808,IssueCommentEvent,podlove_podlove-publisher,2015-09-24 09:42:15 UTC,,,,,
1544809,IssueCommentEvent,podlove_podlove-publisher,2015-09-24 10:20:51 UTC,,,,,
1544810,IssueCommentEvent,podlove_podlove-publisher,2015-01-16 00:13:50 UTC,,,,,
1547105,CreateEvent,podlove_podlove-publisher,2015-01-28 21:28:23 UTC,,,,,
1548668,IssueCommentEvent,podlove_podlove-publisher,2015-04-08 07:35:58 UTC,,,,,
1552666,IssueCommentEvent,podlove_podlove-publisher,2015-12-03 19:04:48 UTC,,,,,
1556607,IssueCommentEvent,podlove_podlove-publisher,2015-02-25 21:19:00 UTC,,,,,
1558009,PushEvent,podlove_podlove-publisher,2015-10-11 06:07:36 UTC,,,,,
1558010,PushEvent,podlove_podlove-publisher,2015-10-07 03:19:03 UTC,,,,,
1560471,IssueCommentEvent,podlove_podlove-publisher,2015-03-20 14:30:46 UTC,,,,,
1566848,DeleteEvent,podlove_podlove-publisher,2015-06-01 06:28:04 UTC,,,,,
1571033,IssuesEvent,podlove_podlove-publisher,2015-03-03 10:04:55 UTC,,,,,
1571034,IssuesEvent,podlove_podlove-publisher,2015-06-27 11:09:18 UTC,,,,,
1571436,PullRequestEvent,podlove_podlove-publisher,2015-10-29 18:12:15 UTC,,,,,
1575276,PullRequestEvent,podlove_podlove-publisher,2015-05-22 09:48:11 UTC,,,,,
1580194,IssueCommentEvent,podlove_podlove-publisher,2015-02-27 18:13:11 UTC,,,,,
1584353,IssueCommentEvent,podlove_podlove-publisher,2015-11-26 16:44:21 UTC,,,,,
1584354,IssueCommentEvent,podlove_podlove-publisher,2015-01-18 10:23:09 UTC,,,,,
1585819,PushEvent,podlove_podlove-publisher,2015-04-03 07:50:23 UTC,,,,,
1585820,PushEvent,podlove_podlove-publisher,2015-04-22 02:21:23 UTC,,,,,
1588351,IssueCommentEvent,podlove_podlove-publisher,2015-11-15 15:47:01 UTC,,,,,
1596243,IssueCommentEvent,podlove_podlove-publisher,2015-02-15 13:54:44 UTC,,,,,
1597596,PushEvent,podlove_podlove-publisher,2015-05-09 07:50:41 UTC,,,,,
1602716,IssuesEvent,podlove_podlove-publisher,2015-03-22 08:20:06 UTC,,,,,
1605568,PushEvent,podlove_podlove-publisher,2015-05-25 06:51:53 UTC,,,,,
1606724,IssuesEvent,podlove_podlove-publisher,2015-02-18 14:12:09 UTC,,,,,
1610754,IssuesEvent,podlove_podlove-publisher,2015-01-12 19:28:57 UTC,,,,,
1612165,IssueCommentEvent,podlove_podlove-publisher,2015-02-16 15:57:08 UTC,,,,,
1613548,PushEvent,podlove_podlove-publisher,2015-04-21 03:32:57 UTC,,,,,
1614756,IssuesEvent,podlove_podlove-publisher,2015-11-16 23:10:11 UTC,,,,,
1616080,IssueCommentEvent,podlove_podlove-publisher,2015-05-14 13:21:09 UTC,,,,,
1616081,IssueCommentEvent,podlove_podlove-publisher,2015-04-28 12:34:45 UTC,,,,,
1620003,IssueCommentEvent,podlove_podlove-publisher,2015-02-16 17:22:14 UTC,,,,,
1626230,CreateEvent,podlove_podlove-publisher,2015-10-11 10:49:51 UTC,,,,,
1629320,PushEvent,podlove_podlove-publisher,2015-02-13 13:21:40 UTC,,,,,
1634574,IssuesEvent,podlove_podlove-publisher,2015-04-27 03:08:08 UTC,,,,,
1635951,IssueCommentEvent,podlove_podlove-publisher,2015-01-05 09:18:04 UTC,,,,,
1635952,IssueCommentEvent,podlove_podlove-publisher,2015-01-16 00:16:34 UTC,,,,,
1637365,PushEvent,podlove_podlove-publisher,2015-05-20 06:13:12 UTC,,,,,
1637366,PushEvent,podlove_podlove-publisher,2015-10-23 06:08:44 UTC,,,,,
1638322,GollumEvent,podlove_podlove-publisher,2015-03-17 13:38:35 UTC,,,,,
1639884,IssueCommentEvent,podlove_podlove-publisher,2015-02-04 12:13:49 UTC,,,,,
1641350,PushEvent,podlove_podlove-publisher,2015-01-02 11:18:31 UTC,,,,,
1642485,IssuesEvent,podlove_podlove-publisher,2015-09-17 08:44:36 UTC,,,,,
1647797,IssueCommentEvent,podlove_podlove-publisher,2015-02-26 13:16:19 UTC,,,,,
1651580,IssueCommentEvent,podlove_podlove-publisher,2015-03-11 10:22:34 UTC,,,,,
1653153,PushEvent,podlove_podlove-publisher,2015-02-25 12:00:57 UTC,,,,,
1655692,IssueCommentEvent,podlove_podlove-publisher,2015-01-23 16:30:42 UTC,,,,,
1658207,IssuesEvent,podlove_podlove-publisher,2015-04-27 03:08:40 UTC,,,,,
1670207,IssuesEvent,podlove_podlove-publisher,2015-03-18 12:23:43 UTC,,,,,
1671632,IssueCommentEvent,podlove_podlove-publisher,2015-02-16 15:52:11 UTC,,,,,
1674024,DeleteEvent,podlove_podlove-publisher,2015-02-16 16:18:22 UTC,,,,,
1675712,IssueCommentEvent,podlove_podlove-publisher,2015-06-19 12:48:42 UTC,,,,,
1675713,IssueCommentEvent,podlove_podlove-publisher,2015-11-18 12:47:21 UTC,,,,,
1676440,PullRequestReviewCommentEvent,podlove_podlove-publisher,2015-10-25 04:58:18 UTC,,,,,
1677133,PushEvent,podlove_podlove-publisher,2015-06-01 06:52:36 UTC,,,,,
1678252,IssuesEvent,podlove_podlove-publisher,2015-03-03 18:54:17 UTC,,,,,
1682305,ReleaseEvent,podlove_podlove-publisher,2015-02-16 16:14:43 UTC,,,,,
1683566,IssueCommentEvent,podlove_podlove-publisher,2015-05-25 14:11:46 UTC,,,,,
1684938,PushEvent,podlove_podlove-publisher,2015-02-25 03:27:53 UTC,,,,,
1687503,IssueCommentEvent,podlove_podlove-publisher,2015-01-13 10:35:46 UTC,,,,,
1688949,PushEvent,podlove_podlove-publisher,2015-07-14 02:56:27 UTC,,,,,
1690089,IssuesEvent,podlove_podlove-publisher,2015-01-02 11:31:53 UTC,,,,,
1691529,IssueCommentEvent,podlove_podlove-publisher,2015-09-28 08:44:33 UTC,,,,,
1695537,IssueCommentEvent,podlove_podlove-publisher,2015-08-28 19:52:01 UTC,,,,,
1695538,IssueCommentEvent,podlove_podlove-publisher,2015-02-16 17:34:54 UTC,,,,,
1698000,IssuesEvent,podlove_podlove-publisher,2015-03-02 10:04:32 UTC,,,,,
1701718,CreateEvent,podlove_podlove-publisher,2015-02-15 04:21:48 UTC,,,,,
1704801,PushEvent,podlove_podlove-publisher,2015-09-14 07:39:14 UTC,,,,,
1705895,IssuesEvent,podlove_podlove-publisher,2015-03-11 14:47:53 UTC,,,,,
1711343,IssueCommentEvent,podlove_podlove-publisher,2015-05-06 01:04:51 UTC,,,,,
1715264,IssueCommentEvent,podlove_podlove-publisher,2015-05-09 00:56:05 UTC,,,,,
1717912,IssuesEvent,podlove_podlove-publisher,2015-02-05 09:31:30 UTC,,,,,
1717913,IssuesEvent,podlove_podlove-publisher,2015-06-24 13:49:44 UTC,,,,,
1718281,PullRequestEvent,podlove_podlove-publisher,2015-04-21 01:24:37 UTC,,,,,
1720716,PushEvent,podlove_podlove-publisher,2015-04-28 00:05:15 UTC,,,,,
1723260,IssueCommentEvent,podlove_podlove-publisher,2015-04-27 03:11:50 UTC,,,,,
1723261,IssueCommentEvent,podlove_podlove-publisher,2015-08-25 14:57:10 UTC,,,,,
1727372,IssueCommentEvent,podlove_podlove-publisher,2015-04-27 04:18:52 UTC,,,,,
1728404,ForkEvent,podlove_podlove-publisher,2015-01-23 10:42:25 UTC,,,,,
1732883,PushEvent,podlove_podlove-publisher,2015-01-19 09:15:36 UTC,,,,,
1732884,PushEvent,podlove_podlove-publisher,2015-03-13 04:18:17 UTC,,,,,
1735426,IssueCommentEvent,podlove_podlove-publisher,2015-05-02 07:26:25 UTC,,,,,
1736814,PushEvent,podlove_podlove-publisher,2015-05-07 08:22:35 UTC,,,,,
1737983,IssuesEvent,podlove_podlove-publisher,2015-03-05 20:06:30 UTC,,,,,
1740773,PushEvent,podlove_podlove-publisher,2015-02-09 15:04:50 UTC,,,,,
1741772,DeleteEvent,podlove_podlove-publisher,2015-05-19 11:08:48 UTC,,,,,
1747183,IssueCommentEvent,podlove_podlove-publisher,2015-12-18 05:48:51 UTC,,,,,
1752530,PushEvent,podlove_podlove-publisher,2015-05-13 03:26:09 UTC,,,,,
1754936,IssueCommentEvent,podlove_podlove-publisher,2015-07-14 06:02:05 UTC,,,,,
1759047,IssueCommentEvent,podlove_podlove-publisher,2015-06-10 10:14:54 UTC,,,,,
1761621,IssuesEvent,podlove_podlove-publisher,2015-09-13 14:51:12 UTC,,,,,
1765758,ReleaseEvent,podlove_podlove-publisher,2015-05-31 05:56:17 UTC,,,,,
1766909,IssueCommentEvent,podlove_podlove-publisher,2015-03-06 08:23:03 UTC,,,,,
1768908,WatchEvent,podlove_podlove-publisher,2015-06-13 12:29:13 UTC,,,,,
1769455,IssuesEvent,podlove_podlove-publisher,2015-04-27 06:58:02 UTC,,,,,
1770840,IssueCommentEvent,podlove_podlove-publisher,2015-04-10 08:52:32 UTC,,,,,
1773359,IssuesEvent,podlove_podlove-publisher,2015-02-27 22:37:14 UTC,,,,,
1774686,IssueCommentEvent,podlove_podlove-publisher,2015-09-13 17:38:53 UTC,,,,,
1775553,PullRequestReviewCommentEvent,podlove_podlove-publisher,2015-02-21 11:09:22 UTC,,,,,
1776818,WatchEvent,podlove_podlove-publisher,2015-05-04 10:59:44 UTC,,,,,
1781355,IssuesEvent,podlove_podlove-publisher,2015-02-15 09:40:02 UTC,,,,,
1785304,IssuesEvent,podlove_podlove-publisher,2015-08-17 11:21:57 UTC,,,,,
1785305,IssuesEvent,podlove_podlove-publisher,2015-01-07 05:52:24 UTC,,,,,
1793259,IssuesEvent,podlove_podlove-publisher,2015-01-08 12:47:31 UTC,,,,,
1794504,IssueCommentEvent,podlove_podlove-publisher,2015-01-13 04:41:53 UTC,,,,,
1797110,IssuesEvent,podlove_podlove-publisher,2015-05-06 16:54:52 UTC,,,,,
1802429,IssueCommentEvent,podlove_podlove-publisher,2015-02-19 07:34:31 UTC,,,,,
1803387,ForkEvent,podlove_podlove-publisher,2015-08-29 01:34:32 UTC,,,,,
1804380,WatchEvent,podlove_podlove-publisher,2015-07-06 00:03:57 UTC,,,,,
1804934,IssuesEvent,podlove_podlove-publisher,2015-02-14 11:52:07 UTC,,,,,
1804935,IssuesEvent,podlove_podlove-publisher,2015-05-28 13:10:32 UTC,,,,,
1806318,IssueCommentEvent,podlove_podlove-publisher,2015-09-25 04:59:30 UTC,,,,,
1810400,IssueCommentEvent,podlove_podlove-publisher,2015-04-12 14:12:03 UTC,,,,,
1810401,IssueCommentEvent,podlove_podlove-publisher,2015-04-27 06:54:46 UTC,,,,,
1811774,PushEvent,podlove_podlove-publisher,2015-04-08 07:40:09 UTC,,,,,
1812911,IssuesEvent,podlove_podlove-publisher,2015-01-25 17:40:16 UTC,,,,,
1816920,IssuesEvent,podlove_podlove-publisher,2015-03-07 17:48:01 UTC,,,,,
1818215,IssueCommentEvent,podlove_podlove-publisher,2015-03-05 21:06:32 UTC,,,,,
1818216,IssueCommentEvent,podlove_podlove-publisher,2015-01-22 13:38:02 UTC,,,,,
1820946,IssuesEvent,podlove_podlove-publisher,2015-04-20 10:32:52 UTC,,,,,
1824691,DeleteEvent,podlove_podlove-publisher,2015-09-25 07:26:49 UTC,,,,,
1826194,IssueCommentEvent,podlove_podlove-publisher,2015-01-04 22:13:45 UTC,,,,,
1828689,IssuesEvent,podlove_podlove-publisher,2015-10-11 10:47:05 UTC,,,,,
1830004,IssueCommentEvent,podlove_podlove-publisher,2015-02-25 10:06:13 UTC,,,,,
1831494,PushEvent,podlove_podlove-publisher,2015-11-15 12:54:56 UTC,,,,,
1834019,IssueCommentEvent,podlove_podlove-publisher,2015-05-02 07:53:33 UTC,,,,,
1834020,IssueCommentEvent,podlove_podlove-publisher,2015-06-05 08:00:51 UTC,,,,,
1835542,PushEvent,podlove_podlove-publisher,2015-04-23 07:34:29 UTC,,,,,
1838092,IssueCommentEvent,podlove_podlove-publisher,2015-01-26 17:37:10 UTC,,,,,
1841125,PullRequestEvent,podlove_podlove-publisher,2015-04-03 07:26:46 UTC,,,,,
1844768,IssuesEvent,podlove_podlove-publisher,2015-11-18 21:23:56 UTC,,,,,
1844769,IssuesEvent,podlove_podlove-publisher,2015-02-15 13:33:59 UTC,,,,,
1846174,IssueCommentEvent,podlove_podlove-publisher,2015-03-06 13:38:58 UTC,,,,,
1846175,IssueCommentEvent,podlove_podlove-publisher,2015-01-18 16:01:38 UTC,,,,,
1846176,IssueCommentEvent,podlove_podlove-publisher,2015-01-02 11:12:20 UTC,,,,,
1852587,GollumEvent,podlove_podlove-publisher,2015-04-09 19:58:03 UTC,,,,,
1853140,PullRequestEvent,podlove_podlove-publisher,2015-10-23 12:37:11 UTC,,,,,
1854120,IssueCommentEvent,podlove_podlove-publisher,2015-09-28 08:55:47 UTC,,,,,
1854121,IssueCommentEvent,podlove_podlove-publisher,2015-01-29 05:47:20 UTC,,,,,
1858166,IssueCommentEvent,podlove_podlove-publisher,2015-01-03 14:25:08 UTC,,,,,
1859572,PushEvent,podlove_podlove-publisher,2015-06-03 06:53:28 UTC,,,,,
1862180,IssueCommentEvent,podlove_podlove-publisher,2015-06-16 14:24:08 UTC,,,,,
1864735,IssuesEvent,podlove_podlove-publisher,2015-11-15 15:20:45 UTC,,,,,
1865084,PullRequestEvent,podlove_podlove-publisher,2015-02-13 13:42:26 UTC,,,,,
1866867,PullRequestReviewCommentEvent,podlove_podlove-publisher,2015-04-03 04:11:40 UTC,,,,,
1868435,CreateEvent,podlove_podlove-publisher,2015-05-02 11:10:34 UTC,,,,,
1868436,CreateEvent,podlove_podlove-publisher,2015-10-11 10:56:02 UTC,,,,,
1876783,ReleaseEvent,podlove_podlove-publisher,2015-12-08 10:16:43 UTC,,,,,
1880640,IssuesEvent,podlove_podlove-publisher,2015-10-14 20:26:40 UTC,,,,,
1885915,IssueCommentEvent,podlove_podlove-publisher,2015-01-31 07:08:25 UTC,,,,,
1885916,IssueCommentEvent,podlove_podlove-publisher,2015-03-05 13:03:34 UTC,,,,,
1885917,IssueCommentEvent,podlove_podlove-publisher,2015-03-06 09:34:47 UTC,,,,,
1888845,PullRequestEvent,podlove_podlove-publisher,2015-05-01 10:13:05 UTC,,,,,
1889796,IssueCommentEvent,podlove_podlove-publisher,2015-02-20 05:03:43 UTC,,,,,
1892209,CreateEvent,podlove_podlove-publisher,2015-08-30 10:03:52 UTC,,,,,
1892437,IssuesEvent,podlove_podlove-publisher,2015-03-03 11:03:04 UTC,,,,,
1892794,PullRequestEvent,podlove_podlove-publisher,2015-05-27 07:43:59 UTC,,,,,
1893718,IssueCommentEvent,podlove_podlove-publisher,2015-02-15 15:35:32 UTC,,,,,
1895254,PushEvent,podlove_podlove-publisher,2015-05-04 01:02:50 UTC,,,,,
1895255,PushEvent,podlove_podlove-publisher,2015-07-03 09:45:40 UTC,,,,,
1895256,PushEvent,podlove_podlove-publisher,2015-03-18 12:00:52 UTC,,,,,
1897803,IssueCommentEvent,podlove_podlove-publisher,2015-03-13 16:57:16 UTC,,,,,
1901771,IssueCommentEvent,podlove_podlove-publisher,2015-06-11 03:30:57 UTC,,,,,
1901772,IssueCommentEvent,podlove_podlove-publisher,2015-01-26 19:07:01 UTC,,,,,
1901773,IssueCommentEvent,podlove_podlove-publisher,2015-03-21 21:06:52 UTC,,,,,
1903186,PushEvent,podlove_podlove-publisher,2015-03-04 15:19:59 UTC,,,,,
1904687,PullRequestEvent,podlove_podlove-publisher,2015-04-06 09:42:45 UTC,,,,,
1905583,IssueCommentEvent,podlove_podlove-publisher,2015-01-23 10:57:20 UTC,,,,,
1905584,IssueCommentEvent,podlove_podlove-publisher,2015-09-24 10:14:55 UTC,,,,,
1910972,PushEvent,podlove_podlove-publisher,2015-05-19 12:52:37 UTC,,,,,
1913537,IssueCommentEvent,podlove_podlove-publisher,2015-08-30 10:23:48 UTC,,,,,
1913538,IssueCommentEvent,podlove_podlove-publisher,2015-02-26 11:40:32 UTC,,,,,
1917418,IssueCommentEvent,podlove_podlove-publisher,2015-02-16 14:55:45 UTC,,,,,
1917419,IssueCommentEvent,podlove_podlove-publisher,2015-06-18 07:42:26 UTC,,,,,
1918854,PushEvent,podlove_podlove-publisher,2015-09-14 06:18:11 UTC,,,,,
1924127,IssuesEvent,podlove_podlove-publisher,2015-04-27 03:16:28 UTC,,,,,
1925497,IssueCommentEvent,podlove_podlove-publisher,2015-02-25 03:28:31 UTC,,,,,
1926303,PullRequestReviewCommentEvent,podlove_podlove-publisher,2015-02-21 10:35:06 UTC,,,,,
1926998,PushEvent,podlove_podlove-publisher,2015-05-20 07:41:10 UTC,,,,,
1928144,IssuesEvent,podlove_podlove-publisher,2015-10-11 10:47:05 UTC,,,,,
1933456,IssueCommentEvent,podlove_podlove-publisher,2015-06-05 09:32:13 UTC,,,,,
1935786,CreateEvent,podlove_podlove-publisher,2015-04-14 07:07:41 UTC,,,,,
1936477,PullRequestEvent,podlove_podlove-publisher,2015-03-04 04:21:57 UTC,,,,,
1937499,IssueCommentEvent,podlove_podlove-publisher,2015-02-20 04:23:02 UTC,,,,,
1938905,PushEvent,podlove_podlove-publisher,2015-11-15 12:23:11 UTC,,,,,
1940165,IssuesEvent,podlove_podlove-publisher,2015-04-12 19:23:19 UTC,,,,,
1940166,IssuesEvent,podlove_podlove-publisher,2015-07-14 06:22:03 UTC,,,,,
1940167,IssuesEvent,podlove_podlove-publisher,2015-03-10 15:49:20 UTC,,,,,
1948207,IssuesEvent,podlove_podlove-publisher,2015-10-11 10:47:05 UTC,,,,,
1949557,IssueCommentEvent,podlove_podlove-publisher,2015-03-04 06:09:13 UTC,,,,,
1952131,IssuesEvent,podlove_podlove-publisher,2015-04-24 12:36:20 UTC,,,,,
1952132,IssuesEvent,podlove_podlove-publisher,2015-04-27 06:54:46 UTC,,,,,
1952133,IssuesEvent,podlove_podlove-publisher,2015-05-06 01:55:21 UTC,,,,,
1952134,IssuesEvent,podlove_podlove-publisher,2015-03-17 11:10:32 UTC,,,,,
1952491,PullRequestEvent,podlove_podlove-publisher,2015-02-17 11:18:17 UTC,,,,,
1953435,IssueCommentEvent,podlove_podlove-publisher,2015-01-08 14:34:02 UTC,,,,,
1954953,PushEvent,podlove_podlove-publisher,2015-05-13 07:06:03 UTC,,,,,
1957501,IssueCommentEvent,podlove_podlove-publisher,2015-09-23 12:24:12 UTC,,,,,
1957502,IssueCommentEvent,podlove_podlove-publisher,2015-05-06 08:38:29 UTC,,,,,
1958475,ForkEvent,podlove_podlove-publisher,2015-06-06 11:13:28 UTC,,,,,
1962856,PushEvent,podlove_podlove-publisher,2015-08-16 12:30:33 UTC,,,,,
1965387,IssueCommentEvent,podlove_podlove-publisher,2015-01-28 10:53:55 UTC,,,,,
1967989,IssuesEvent,podlove_podlove-publisher,2015-09-14 09:38:30 UTC,,,,,
1973335,IssueCommentEvent,podlove_podlove-publisher,2015-04-25 09:45:18 UTC,,,,,
1975798,IssuesEvent,podlove_podlove-publisher,2015-04-27 03:09:50 UTC,,,,,
1977099,IssueCommentEvent,podlove_podlove-publisher,2015-04-04 21:33:00 UTC,,,,,
1977100,IssueCommentEvent,podlove_podlove-publisher,2015-01-04 10:10:08 UTC,,,,,
1977101,IssueCommentEvent,podlove_podlove-publisher,2015-04-27 03:04:52 UTC,,,,,
1979714,IssuesEvent,podlove_podlove-publisher,2015-01-13 12:13:21 UTC,,,,,
1981108,IssueCommentEvent,podlove_podlove-publisher,2015-02-19 11:22:29 UTC,,,,,
1982522,PushEvent,podlove_podlove-publisher,2015-05-18 11:08:52 UTC,,,,,
1983641,IssuesEvent,podlove_podlove-publisher,2015-06-05 10:04:24 UTC,,,,,
1985039,IssueCommentEvent,podlove_podlove-publisher,2015-04-02 10:08:38 UTC,,,,,
1990405,PushEvent,podlove_podlove-publisher,2015-04-03 03:40:42 UTC,,,,,
1991719,ReleaseEvent,podlove_podlove-publisher,2015-05-02 11:12:14 UTC,,,,,
1992850,IssueCommentEvent,podlove_podlove-publisher,2015-01-22 19:28:49 UTC,,,,,
1992851,IssueCommentEvent,podlove_podlove-publisher,2015-01-03 10:38:43 UTC,,,,,
1992852,IssueCommentEvent,podlove_podlove-publisher,2015-03-06 12:55:34 UTC,,,,,
1999406,CreateEvent,podlove_podlove-publisher,2015-05-02 11:13:18 UTC,,,,,
1999640,IssuesEvent,podlove_podlove-publisher,2015-04-27 04:19:29 UTC,,,,,
2001013,IssueCommentEvent,podlove_podlove-publisher,2015-01-18 15:52:14 UTC,,,,,
2001014,IssueCommentEvent,podlove_podlove-publisher,2015-03-21 20:10:23 UTC,,,,,
2003598,IssuesEvent,podlove_podlove-publisher,2015-04-27 03:03:47 UTC,,,,,
2004860,IssueCommentEvent,podlove_podlove-publisher,2015-02-16 04:14:39 UTC,,,,,
2007896,PullRequestEvent,podlove_podlove-publisher,2015-12-19 18:32:06 UTC,,,,,
2010272,PushEvent,podlove_podlove-publisher,2015-06-19 09:03:26 UTC,,,,,
2011195,DeleteEvent,podlove_podlove-publisher,2015-09-25 07:26:38 UTC,,,,,
2012686,IssueCommentEvent,podlove_podlove-publisher,2015-04-27 08:03:22 UTC,,,,,
2012687,IssueCommentEvent,podlove_podlove-publisher,2015-10-07 21:03:12 UTC,,,,,
2019320,IssuesEvent,podlove_podlove-publisher,2015-05-06 03:13:31 UTC,,,,,
2020738,IssueCommentEvent,podlove_podlove-publisher,2015-04-09 09:43:09 UTC,,,,,
2021517,PullRequestReviewCommentEvent,podlove_podlove-publisher,2015-02-21 10:26:56 UTC,,,,,
2022158,PushEvent,podlove_podlove-publisher,2015-02-25 12:53:10 UTC,,,,,
2023292,IssuesEvent,podlove_podlove-publisher,2015-02-28 17:07:24 UTC,,,,,
2024653,IssueCommentEvent,podlove_podlove-publisher,2015-05-25 14:16:54 UTC,,,,,
2027045,CreateEvent,podlove_podlove-publisher,2015-09-25 07:30:38 UTC,,,,,
2030120,PushEvent,podlove_podlove-publisher,2015-10-23 06:06:23 UTC,,,,,
2034103,PushEvent,podlove_podlove-publisher,2015-11-14 18:38:31 UTC,,,,,
2034104,PushEvent,podlove_podlove-publisher,2015-01-28 13:40:17 UTC,,,,,
2040704,IssueCommentEvent,podlove_podlove-publisher,2015-09-25 05:08:45 UTC,,,,,
2040705,IssueCommentEvent,podlove_podlove-publisher,2015-06-22 19:45:09 UTC,,,,,
2044717,IssueCommentEvent,podlove_podlove-publisher,2015-03-10 17:17:05 UTC,,,,,
2044718,IssueCommentEvent,podlove_podlove-publisher,2015-03-07 00:19:38 UTC,,,,,
2044719,IssueCommentEvent,podlove_podlove-publisher,2015-01-25 21:11:14 UTC,,,,,
2046715,WatchEvent,podlove_podlove-publisher,2015-08-22 06:19:25 UTC,,,,,
2055060,IssuesEvent,podlove_podlove-publisher,2015-09-25 08:33:38 UTC,,,,,
2055181,ReleaseEvent,podlove_podlove-publisher,2015-02-15 04:22:44 UTC,,,,,
2056451,IssueCommentEvent,podlove_podlove-publisher,2015-03-12 20:57:15 UTC,,,,,
2056452,IssueCommentEvent,podlove_podlove-publisher,2015-12-05 11:12:36 UTC,,,,,
2058775,GollumEvent,podlove_podlove-publisher,2015-02-10 21:33:14 UTC,,,,,
2058953,IssuesEvent,podlove_podlove-publisher,2015-06-01 05:26:15 UTC,,,,,
2058954,IssuesEvent,podlove_podlove-publisher,2015-08-30 10:52:18 UTC,,,,,
2060286,IssueCommentEvent,podlove_podlove-publisher,2015-06-24 16:19:16 UTC,,,,,
2065850,PushEvent,podlove_podlove-publisher,2015-07-14 00:57:15 UTC,,,,,
2068414,IssueCommentEvent,podlove_podlove-publisher,2015-01-19 09:34:57 UTC,,,,,
2069800,PushEvent,podlove_podlove-publisher,2015-04-06 10:58:54 UTC,,,,,
2072341,IssueCommentEvent,podlove_podlove-publisher,2015-05-25 14:34:06 UTC,,,,,
2073662,PushEvent,podlove_podlove-publisher,2015-02-05 13:17:47 UTC,,,,,
2073663,PushEvent,podlove_podlove-publisher,2015-05-02 11:09:56 UTC,,,,,
2074892,IssuesEvent,podlove_podlove-publisher,2015-04-27 03:11:50 UTC,,,,,
2075918,IssueCommentEvent,podlove_podlove-publisher,2015-04-08 07:42:16 UTC,,,,,
2077834,PushEvent,podlove_podlove-publisher,2015-02-05 13:24:25 UTC,,,,,
2081754,PushEvent,podlove_podlove-publisher,2015-05-13 07:57:04 UTC,,,,,
2088343,IssueCommentEvent,podlove_podlove-publisher,2015-02-25 05:13:56 UTC,,,,,
2089734,PushEvent,podlove_podlove-publisher,2015-06-23 08:20:46 UTC,,,,,
2092296,IssueCommentEvent,podlove_podlove-publisher,2015-03-04 13:49:22 UTC,,,,,
2093812,PushEvent,podlove_podlove-publisher,2015-07-02 06:51:00 UTC,,,,,
2094994,IssuesEvent,podlove_podlove-publisher,2015-05-04 18:05:27 UTC,,,,,
2096402,IssueCommentEvent,podlove_podlove-publisher,2015-02-26 16:04:25 UTC,,,,,
2098937,IssuesEvent,podlove_podlove-publisher,2015-04-12 14:12:03 UTC,,,,,
2108248,IssueCommentEvent,podlove_podlove-publisher,2015-03-14 22:59:06 UTC,,,,,
2110995,IssuesEvent,podlove_podlove-publisher,2015-04-04 20:25:29 UTC,,,,,
2112277,IssueCommentEvent,podlove_podlove-publisher,2015-02-04 21:00:37 UTC,,,,,
2112278,IssueCommentEvent,podlove_podlove-publisher,2015-01-12 19:44:00 UTC,,,,,
2114952,IssuesEvent,podlove_podlove-publisher,2015-05-21 08:07:12 UTC,,,,,
2116371,IssueCommentEvent,podlove_podlove-publisher,2015-02-01 09:19:07 UTC,,,,,
2120345,IssueCommentEvent,podlove_podlove-publisher,2015-01-21 12:30:19 UTC,,,,,
2121793,PushEvent,podlove_podlove-publisher,2015-04-28 00:30:06 UTC,,,,,
2124307,IssueCommentEvent,podlove_podlove-publisher,2015-01-15 23:40:13 UTC,,,,,
2126894,IssuesEvent,podlove_podlove-publisher,2015-01-22 14:55:03 UTC,,,,,
2128244,IssueCommentEvent,podlove_podlove-publisher,2015-03-04 18:08:40 UTC,,,,,
2128245,IssueCommentEvent,podlove_podlove-publisher,2015-04-04 19:39:31 UTC,,,,,
2130868,IssuesEvent,podlove_podlove-publisher,2015-04-01 14:52:16 UTC,,,,,
2133695,PushEvent,podlove_podlove-publisher,2015-06-05 10:34:29 UTC,,,,,
2133696,PushEvent,podlove_podlove-publisher,2015-02-10 05:18:39 UTC,,,,,
2134605,CreateEvent,podlove_podlove-publisher,2015-12-08 10:10:09 UTC,,,,,
2134861,IssuesEvent,podlove_podlove-publisher,2015-05-04 09:35:49 UTC,,,,,
2137631,PushEvent,podlove_podlove-publisher,2015-04-06 06:58:59 UTC,,,,,
2138930,ReleaseEvent,podlove_podlove-publisher,2015-05-29 00:39:24 UTC,,,,,
2140197,IssueCommentEvent,podlove_podlove-publisher,2015-06-10 18:35:02 UTC,,,,,
2140198,IssueCommentEvent,podlove_podlove-publisher,2015-05-11 02:43:03 UTC,,,,,
2142485,CreateEvent,podlove_podlove-publisher,2015-06-19 09:06:51 UTC,,,,,
2146650,IssuesEvent,podlove_podlove-publisher,2015-11-15 12:54:56 UTC,,,,,
2155871,IssueCommentEvent,podlove_podlove-publisher,2015-03-06 08:30:30 UTC,,,,,
2157244,PushEvent,podlove_podlove-publisher,2015-02-27 04:54:27 UTC,,,,,
2157245,PushEvent,podlove_podlove-publisher,2015-05-31 05:49:48 UTC,,,,,
2159735,IssueCommentEvent,podlove_podlove-publisher,2015-04-10 04:17:33 UTC,,,,,
2162275,IssuesEvent,podlove_podlove-publisher,2015-04-25 09:13:12 UTC,,,,,
2163676,IssueCommentEvent,podlove_podlove-publisher,2015-05-06 16:54:52 UTC,,,,,
2167530,IssueCommentEvent,podlove_podlove-publisher,2015-03-07 09:55:22 UTC,,,,,
2167531,IssueCommentEvent,podlove_podlove-publisher,2015-02-26 08:31:37 UTC,,,,,
2170179,IssuesEvent,podlove_podlove-publisher,2015-01-18 07:42:29 UTC,,,,,
2174098,IssuesEvent,podlove_podlove-publisher,2015-04-27 04:20:48 UTC,,,,,
2175473,IssueCommentEvent,podlove_podlove-publisher,2015-03-04 12:20:07 UTC,,,,,
2176447,ForkEvent,podlove_podlove-publisher,2015-12-19 11:51:24 UTC,,,,,
2176864,PushEvent,podlove_podlove-publisher,2015-04-27 02:58:45 UTC,,,,,
2182076,IssuesEvent,podlove_podlove-publisher,2015-05-02 12:06:17 UTC,,,,,
2182077,IssuesEvent,podlove_podlove-publisher,2015-07-12 11:01:10 UTC,,,,,
2183361,IssueCommentEvent,podlove_podlove-publisher,2015-03-20 10:09:03 UTC,,,,,
2195893,CommitCommentEvent,podlove_podlove-publisher,2015-02-25 17:12:00 UTC,,,,,
2197910,IssuesEvent,podlove_podlove-publisher,2015-08-29 07:30:56 UTC,,,,,
2197911,IssuesEvent,podlove_podlove-publisher,2015-05-23 19:15:50 UTC,,,,,
2200658,PushEvent,podlove_podlove-publisher,2015-03-11 13:49:17 UTC,,,,,
2201611,CreateEvent,podlove_podlove-publisher,2015-04-04 12:07:56 UTC,,,,,
2204702,PushEvent,podlove_podlove-publisher,2015-01-13 10:34:49 UTC,,,,,
2208498,PushEvent,podlove_podlove-publisher,2015-04-21 01:05:16 UTC,,,,,
2208499,PushEvent,podlove_podlove-publisher,2015-02-28 11:17:58 UTC,,,,,
2209606,CreateEvent,podlove_podlove-publisher,2015-02-13 13:28:54 UTC,,,,,
2210798,IssueCommentEvent,podlove_podlove-publisher,2015-01-10 13:42:41 UTC,,,,,
2212619,PushEvent,podlove_podlove-publisher,2015-01-28 13:05:33 UTC,,,,,
2212620,PushEvent,podlove_podlove-publisher,2015-07-02 07:14:24 UTC,,,,,
2213553,CreateEvent,podlove_podlove-publisher,2015-04-24 10:32:30 UTC,,,,,
2218039,PullRequestEvent,podlove_podlove-publisher,2015-05-25 06:56:22 UTC,,,,,
2220431,PushEvent,podlove_podlove-publisher,2015-02-06 03:13:59 UTC,,,,,
2222906,IssueCommentEvent,podlove_podlove-publisher,2015-06-10 18:46:59 UTC,,,,,
2230722,IssueCommentEvent,podlove_podlove-publisher,2015-04-27 04:20:09 UTC,,,,,
2234746,IssueCommentEvent,podlove_podlove-publisher,2015-03-05 13:46:58 UTC,,,,,
2237716,PullRequestEvent,podlove_podlove-publisher,2015-03-18 11:49:31 UTC,,,,,
2238746,IssueCommentEvent,podlove_podlove-publisher,2015-04-27 04:21:22 UTC,,,,,
2242697,IssueCommentEvent,podlove_podlove-publisher,2015-04-27 03:13:57 UTC,,,,,
2244138,PushEvent,podlove_podlove-publisher,2015-02-13 13:21:38 UTC,,,,,
2245235,IssuesEvent,podlove_podlove-publisher,2015-03-12 20:57:15 UTC,,,,,
2246631,IssueCommentEvent,podlove_podlove-publisher,2015-03-13 23:19:37 UTC,,,,,
2249206,IssuesEvent,podlove_podlove-publisher,2015-11-14 07:43:08 UTC,,,,,
2250629,IssueCommentEvent,podlove_podlove-publisher,2015-04-10 10:38:36 UTC,,,,,
2253220,IssuesEvent,podlove_podlove-publisher,2015-04-27 03:15:23 UTC,,,,,
2256020,PushEvent,podlove_podlove-publisher,2015-05-06 02:46:52 UTC,,,,,
2257127,IssuesEvent,podlove_podlove-publisher,2015-08-15 18:21:38 UTC,,,,,
2257128,IssuesEvent,podlove_podlove-publisher,2015-02-15 15:53:16 UTC,,,,,
2257129,IssuesEvent,podlove_podlove-publisher,2015-02-27 04:54:27 UTC,,,,,
2259886,PushEvent,podlove_podlove-publisher,2015-05-25 06:56:23 UTC,,,,,
2261013,IssuesEvent,podlove_podlove-publisher,2015-06-16 14:24:08 UTC,,,,,
2262429,IssueCommentEvent,podlove_podlove-publisher,2015-02-27 03:51:31 UTC,,,,,
2262430,IssueCommentEvent,podlove_podlove-publisher,2015-04-27 04:19:29 UTC,,,,,
2272790,CreateEvent,podlove_podlove-publisher,2015-04-30 11:32:11 UTC,,,,,
2276810,IssuesEvent,podlove_podlove-publisher,2015-10-29 14:45:33 UTC,,,,,
2282301,IssueCommentEvent,podlove_podlove-publisher,2015-08-28 18:29:33 UTC,,,,,
2286121,IssueCommentEvent,podlove_podlove-publisher,2015-04-04 13:06:34 UTC,,,,,
2287476,PushEvent,podlove_podlove-publisher,2015-02-25 04:02:47 UTC,,,,,
2288078,WatchEvent,podlove_podlove-publisher,2015-11-20 14:14:06 UTC,,,,,
2288632,IssuesEvent,podlove_podlove-publisher,2015-11-15 12:54:56 UTC,,,,,
2293925,IssueCommentEvent,podlove_podlove-publisher,2015-01-03 11:28:46 UTC,,,,,
2297487,IssueCommentEvent,podlove_podlove-publisher,2015-06-03 11:27:36 UTC,,,,,
2297488,IssueCommentEvent,podlove_podlove-publisher,2015-12-09 17:21:03 UTC,,,,,
2301779,IssueCommentEvent,podlove_podlove-publisher,2015-02-27 09:09:55 UTC,,,,,
2305622,IssueCommentEvent,podlove_podlove-publisher,2015-04-27 03:10:55 UTC,,,,,
2306986,PushEvent,podlove_podlove-publisher,2015-04-24 05:25:27 UTC,,,,,
2307907,CreateEvent,podlove_podlove-publisher,2015-11-15 12:55:32 UTC,,,,,
2309504,IssueCommentEvent,podlove_podlove-publisher,2015-02-24 21:08:14 UTC,,,,,
2309505,IssueCommentEvent,podlove_podlove-publisher,2015-03-06 11:38:07 UTC,,,,,
2312183,IssuesEvent,podlove_podlove-publisher,2015-02-01 11:08:18 UTC,,,,,
2313532,IssueCommentEvent,podlove_podlove-publisher,2015-02-16 04:10:35 UTC,,,,,
2316075,IssuesEvent,podlove_podlove-publisher,2015-03-05 12:36:39 UTC,,,,,
2319802,CreateEvent,podlove_podlove-publisher,2015-02-14 10:29:24 UTC,,,,,
2320055,IssuesEvent,podlove_podlove-publisher,2015-09-24 08:01:17 UTC,,,,,
2325442,IssueCommentEvent,podlove_podlove-publisher,2015-03-17 11:14:57 UTC,,,,,
2325443,IssueCommentEvent,podlove_podlove-publisher,2015-09-25 08:31:51 UTC,,,,,
2328229,ReleaseEvent,podlove_podlove-publisher,2015-02-14 10:27:17 UTC,,,,,
2329440,IssueCommentEvent,podlove_podlove-publisher,2015-04-06 23:54:14 UTC,,,,,
2329441,IssueCommentEvent,podlove_podlove-publisher,2015-04-28 05:27:26 UTC,,,,,
2329442,IssueCommentEvent,podlove_podlove-publisher,2015-01-23 05:19:14 UTC,,,,,
2330861,PushEvent,podlove_podlove-publisher,2015-10-11 10:47:05 UTC,,,,,
2333410,IssueCommentEvent,podlove_podlove-publisher,2015-03-04 06:43:57 UTC,,,,,
2334208,PullRequestReviewCommentEvent,podlove_podlove-publisher,2015-02-21 11:08:35 UTC,,,,,
2334833,PushEvent,podlove_podlove-publisher,2015-05-14 02:51:50 UTC,,,,,
2335422,WatchEvent,podlove_podlove-publisher,2015-04-12 07:56:31 UTC,,,,,
2335953,IssuesEvent,podlove_podlove-publisher,2015-04-27 01:30:47 UTC,,,,,
2342747,PushEvent,podlove_podlove-publisher,2015-04-22 11:42:24 UTC,,,,,
2346720,PushEvent,podlove_podlove-publisher,2015-06-19 09:03:26 UTC,,,,,
2347382,WatchEvent,podlove_podlove-publisher,2015-01-13 11:43:15 UTC,,,,,
2349310,IssueCommentEvent,podlove_podlove-publisher,2015-04-08 07:33:26 UTC,,,,,
2351812,IssuesEvent,podlove_podlove-publisher,2015-02-25 21:04:17 UTC,,,,,
2351813,IssuesEvent,podlove_podlove-publisher,2015-01-21 13:38:19 UTC,,,,,
2353185,IssueCommentEvent,podlove_podlove-publisher,2015-01-07 06:46:06 UTC,,,,,
2353186,IssueCommentEvent,podlove_podlove-publisher,2015-03-03 21:37:38 UTC,,,,,
2353187,IssueCommentEvent,podlove_podlove-publisher,2015-11-16 22:30:09 UTC,,,,,
2353188,IssueCommentEvent,podlove_podlove-publisher,2015-01-13 10:34:55 UTC,,,,,
2355535,CreateEvent,podlove_podlove-publisher,2015-02-14 10:25:50 UTC,,,,,
2357016,IssueCommentEvent,podlove_podlove-publisher,2015-01-25 07:01:39 UTC,,,,,
2360102,PullRequestEvent,podlove_podlove-publisher,2015-05-19 12:26:31 UTC,,,,,
2365015,IssueCommentEvent,podlove_podlove-publisher,2015-01-24 10:13:09 UTC,,,,,
2366419,PushEvent,podlove_podlove-publisher,2015-06-22 06:54:03 UTC,,,,,
2372826,IssueCommentEvent,podlove_podlove-publisher,2015-04-10 12:18:36 UTC,,,,,
2373846,ForkEvent,podlove_podlove-publisher,2015-03-02 19:13:43 UTC,,,,,
2376807,IssueCommentEvent,podlove_podlove-publisher,2015-04-27 19:17:31 UTC,,,,,
2379405,IssuesEvent,podlove_podlove-publisher,2015-02-27 09:09:20 UTC,,,,,
2379406,IssuesEvent,podlove_podlove-publisher,2015-03-12 10:51:20 UTC,,,,,
2380746,IssueCommentEvent,podlove_podlove-publisher,2015-01-13 00:09:14 UTC,,,,,
2380747,IssueCommentEvent,podlove_podlove-publisher,2015-01-24 10:04:41 UTC,,,,,
2384682,IssueCommentEvent,podlove_podlove-publisher,2015-05-06 03:09:02 UTC,,,,,
2387380,IssuesEvent,podlove_podlove-publisher,2015-03-12 17:52:01 UTC,,,,,
2388721,IssueCommentEvent,podlove_podlove-publisher,2015-11-15 15:00:49 UTC,,,,,
2391272,IssuesEvent,podlove_podlove-publisher,2015-02-13 13:21:39 UTC,,,,,
2392628,IssueCommentEvent,podlove_podlove-publisher,2015-01-14 08:02:51 UTC,,,,,
2392629,IssueCommentEvent,podlove_podlove-publisher,2015-01-31 09:57:30 UTC,,,,,
2396741,IssueCommentEvent,podlove_podlove-publisher,2015-09-25 06:13:23 UTC,,,,,
2396742,IssueCommentEvent,podlove_podlove-publisher,2015-03-06 23:50:42 UTC,,,,,
2398051,PushEvent,podlove_podlove-publisher,2015-12-04 11:35:47 UTC,,,,,
2398052,PushEvent,podlove_podlove-publisher,2015-05-07 03:58:08 UTC,,,,,
2398643,WatchEvent,podlove_podlove-publisher,2015-03-11 06:59:35 UTC,,,,,
2399207,IssuesEvent,podlove_podlove-publisher,2015-05-25 13:25:19 UTC,,,,,
2400582,IssueCommentEvent,podlove_podlove-publisher,2015-01-25 06:21:46 UTC,,,,,
2400583,IssueCommentEvent,podlove_podlove-publisher,2015-08-25 15:14:27 UTC,,,,,
2408326,IssueCommentEvent,podlove_podlove-publisher,2015-03-07 16:41:41 UTC,,,,,
2409854,PushEvent,podlove_podlove-publisher,2015-03-18 12:16:44 UTC,,,,,
2409855,PushEvent,podlove_podlove-publisher,2015-05-07 03:43:58 UTC,,,,,
2413741,PushEvent,podlove_podlove-publisher,2015-03-16 08:10:37 UTC,,,,,
2413742,PushEvent,podlove_podlove-publisher,2015-03-04 04:21:57 UTC,,,,,
2414860,GollumEvent,podlove_podlove-publisher,2015-12-22 22:50:04 UTC,,,,,
2415195,ReleaseEvent,podlove_podlove-publisher,2015-10-11 10:50:27 UTC,,,,,
2416041,IssueCommentEvent,podlove_podlove-publisher,2015-09-24 11:15:27 UTC,,,,,
2416042,IssueCommentEvent,podlove_podlove-publisher,2015-12-16 12:17:55 UTC,,,,,
2420340,IssueCommentEvent,podlove_podlove-publisher,2015-02-28 11:18:03 UTC,,,,,
2421792,PushEvent,podlove_podlove-publisher,2015-05-13 06:59:27 UTC,,,,,
2422723,CreateEvent,podlove_podlove-publisher,2015-11-13 11:28:01 UTC,,,,,
2422767,DeleteEvent,podlove_podlove-publisher,2015-05-27 07:43:59 UTC,,,,,
2424374,IssueCommentEvent,podlove_podlove-publisher,2015-03-13 12:22:10 UTC,,,,,
2424375,IssueCommentEvent,podlove_podlove-publisher,2015-11-17 07:54:23 UTC,,,,,
2425123,PullRequestReviewCommentEvent,podlove_podlove-publisher,2015-04-03 04:07:43 UTC,,,,,
2425796,PushEvent,podlove_podlove-publisher,2015-05-06 01:54:47 UTC,,,,,
2428368,IssueCommentEvent,podlove_podlove-publisher,2015-10-07 01:35:08 UTC,,,,,
2432299,IssueCommentEvent,podlove_podlove-publisher,2015-04-13 01:50:49 UTC,,,,,
2440101,IssueCommentEvent,podlove_podlove-publisher,2015-01-24 07:17:15 UTC,,,,,
2440102,IssueCommentEvent,podlove_podlove-publisher,2015-05-18 22:12:26 UTC,,,,,
2440103,IssueCommentEvent,podlove_podlove-publisher,2015-01-06 12:19:03 UTC,,,,,
2444018,IssueCommentEvent,podlove_podlove-publisher,2015-09-30 09:40:00 UTC,,,,,
2444019,IssueCommentEvent,podlove_podlove-publisher,2015-08-15 18:53:28 UTC,,,,,
2444020,IssueCommentEvent,podlove_podlove-publisher,2015-01-31 07:26:40 UTC,,,,,
2446585,IssuesEvent,podlove_podlove-publisher,2015-04-06 23:54:14 UTC,,,,,
2446586,IssuesEvent,podlove_podlove-publisher,2015-06-03 10:29:41 UTC,,,,,
2446931,PullRequestEvent,podlove_podlove-publisher,2015-05-09 00:56:00 UTC,,,,,
2450533,IssuesEvent,podlove_podlove-publisher,2015-09-18 10:47:13 UTC,,,,,
2451916,IssueCommentEvent,podlove_podlove-publisher,2015-01-26 16:39:08 UTC,,,,,
2453277,PushEvent,podlove_podlove-publisher,2015-10-07 03:23:23 UTC,,,,,
2454204,CreateEvent,podlove_podlove-publisher,2015-05-27 07:45:41 UTC,,,,,
2455785,IssueCommentEvent,podlove_podlove-publisher,2015-05-07 00:24:34 UTC,,,,,
2457152,PushEvent,podlove_podlove-publisher,2015-11-12 10:17:46 UTC,,,,,
2457153,PushEvent,podlove_podlove-publisher,2015-02-05 06:08:08 UTC,,,,,
2458482,ReleaseEvent,podlove_podlove-publisher,2015-06-01 05:06:58 UTC,,,,,
2458742,PullRequestEvent,podlove_podlove-publisher,2015-08-30 10:07:15 UTC,,,,,
2461107,PushEvent,podlove_podlove-publisher,2015-04-03 06:43:53 UTC,,,,,
2462074,GollumEvent,podlove_podlove-publisher,2015-06-29 20:32:58 UTC,,,,,
2462246,IssuesEvent,podlove_podlove-publisher,2015-01-28 20:51:19 UTC,,,,,
2463608,IssueCommentEvent,podlove_podlove-publisher,2015-09-30 10:52:32 UTC,,,,,
2463609,IssueCommentEvent,podlove_podlove-publisher,2015-02-12 05:25:19 UTC,,,,,
2464198,CommitCommentEvent,podlove_podlove-publisher,2015-04-24 00:58:19 UTC,,,,,
2465017,PushEvent,podlove_podlove-publisher,2015-07-15 16:02:15 UTC,,,,,
2465018,PushEvent,podlove_podlove-publisher,2015-05-07 04:02:41 UTC,,,,,
2465019,PushEvent,podlove_podlove-publisher,2015-04-02 04:53:02 UTC,,,,,
2465020,PushEvent,podlove_podlove-publisher,2015-04-03 06:59:12 UTC,,,,,
2465021,PushEvent,podlove_podlove-publisher,2015-02-09 09:43:38 UTC,,,,,
2466542,PullRequestEvent,podlove_podlove-publisher,2015-09-07 03:29:50 UTC,,,,,
2467478,IssueCommentEvent,podlove_podlove-publisher,2015-05-25 14:19:36 UTC,,,,,
2467479,IssueCommentEvent,podlove_podlove-publisher,2015-01-27 05:41:32 UTC,,,,,
2470074,IssuesEvent,podlove_podlove-publisher,2015-06-05 07:25:58 UTC,,,,,
2471420,IssueCommentEvent,podlove_podlove-publisher,2015-01-26 17:46:57 UTC,,,,,
2471421,IssueCommentEvent,podlove_podlove-publisher,2015-08-30 13:26:09 UTC,,,,,
2472165,PullRequestReviewCommentEvent,podlove_podlove-publisher,2015-04-03 03:53:09 UTC,,,,,
2472833,PushEvent,podlove_podlove-publisher,2015-04-29 11:42:38 UTC,,,,,
2475326,IssueCommentEvent,podlove_podlove-publisher,2015-04-10 13:04:12 UTC,,,,,
2475327,IssueCommentEvent,podlove_podlove-publisher,2015-04-28 07:46:32 UTC,,,,,
2480590,PushEvent,podlove_podlove-publisher,2015-04-20 11:35:00 UTC,,,,,
2483064,IssueCommentEvent,podlove_podlove-publisher,2015-02-16 07:11:34 UTC,,,,,
2486967,IssueCommentEvent,podlove_podlove-publisher,2015-10-07 20:16:38 UTC,,,,,
2489363,GollumEvent,podlove_podlove-publisher,2015-02-09 18:03:10 UTC,,,,,
2490898,IssueCommentEvent,podlove_podlove-publisher,2015-01-06 20:26:41 UTC,,,,,
2490899,IssueCommentEvent,podlove_podlove-publisher,2015-01-10 04:01:53 UTC,,,,,
2492281,PushEvent,podlove_podlove-publisher,2015-11-13 11:27:30 UTC,,,,,
2494938,IssueCommentEvent,podlove_podlove-publisher,2015-01-15 18:06:51 UTC,,,,,
2494939,IssueCommentEvent,podlove_podlove-publisher,2015-02-06 11:59:41 UTC,,,,,
2496297,PushEvent,podlove_podlove-publisher,2015-02-16 16:11:59 UTC,,,,,
2498776,IssueCommentEvent,podlove_podlove-publisher,2015-05-02 07:36:18 UTC,,,,,
2506459,IssueCommentEvent,podlove_podlove-publisher,2015-01-03 10:44:14 UTC,,,,,
2513109,IssuesEvent,podlove_podlove-publisher,2015-10-05 16:25:03 UTC,,,,,
2514453,IssueCommentEvent,podlove_podlove-publisher,2015-01-19 10:17:41 UTC,,,,,
2519871,PushEvent,podlove_podlove-publisher,2015-04-27 23:48:24 UTC,,,,,
2521453,PullRequestEvent,podlove_podlove-publisher,2015-03-26 10:15:42 UTC,,,,,
2522434,IssueCommentEvent,podlove_podlove-publisher,2015-03-07 14:47:24 UTC,,,,,
2526358,IssueCommentEvent,podlove_podlove-publisher,2015-03-11 10:19:30 UTC,,,,,
2526359,IssueCommentEvent,podlove_podlove-publisher,2015-01-25 20:26:17 UTC,,,,,
2527084,PullRequestReviewCommentEvent,podlove_podlove-publisher,2015-04-03 03:44:42 UTC,,,,,
2527743,PushEvent,podlove_podlove-publisher,2015-02-04 04:25:16 UTC,,,,,
2532728,GollumEvent,podlove_podlove-publisher,2015-02-09 13:36:44 UTC,,,,,
2532889,IssuesEvent,podlove_podlove-publisher,2015-04-24 17:34:35 UTC,,,,,
2532890,IssuesEvent,podlove_podlove-publisher,2015-01-16 02:10:06 UTC,,,,,
2534226,IssueCommentEvent,podlove_podlove-publisher,2015-09-24 09:48:17 UTC,,,,,
2535751,PushEvent,podlove_podlove-publisher,2015-03-26 09:56:11 UTC,,,,,
2536670,CreateEvent,podlove_podlove-publisher,2015-05-13 03:11:26 UTC,,,,,
2536910,IssuesEvent,podlove_podlove-publisher,2015-02-26 12:09:13 UTC,,,,,
2538214,IssueCommentEvent,podlove_podlove-publisher,2015-01-18 17:21:14 UTC,,,,,
2538215,IssueCommentEvent,podlove_podlove-publisher,2015-03-06 04:21:32 UTC,,,,,
2542075,IssueCommentEvent,podlove_podlove-publisher,2015-03-22 11:46:02 UTC,,,,,
2546791,PullRequestReviewCommentEvent,podlove_podlove-publisher,2015-02-21 10:27:52 UTC,,,,,
2547476,PushEvent,podlove_podlove-publisher,2015-02-11 12:38:49 UTC,,,,,
2547477,PushEvent,podlove_podlove-publisher,2015-02-05 06:22:52 UTC,,,,,
2551450,PushEvent,podlove_podlove-publisher,2015-02-16 16:11:21 UTC,,,,,
2552433,DeleteEvent,podlove_podlove-publisher,2015-06-19 09:06:08 UTC,,,,,
2557868,IssueCommentEvent,podlove_podlove-publisher,2015-06-03 11:11:48 UTC,,,,,
2557869,IssueCommentEvent,podlove_podlove-publisher,2015-01-19 09:09:34 UTC,,,,,
2560223,CreateEvent,podlove_podlove-publisher,2015-05-12 08:39:35 UTC,,,,,
2561883,IssueCommentEvent,podlove_podlove-publisher,2015-08-12 14:52:51 UTC,,,,,
2561884,IssueCommentEvent,podlove_podlove-publisher,2015-01-26 19:04:11 UTC,,,,,
2561885,IssueCommentEvent,podlove_podlove-publisher,2015-03-30 17:12:54 UTC,,,,,
2565862,IssueCommentEvent,podlove_podlove-publisher,2015-06-05 09:40:16 UTC,,,,,
2565863,IssueCommentEvent,podlove_podlove-publisher,2015-01-29 09:17:02 UTC,,,,,
2573904,IssueCommentEvent,podlove_podlove-publisher,2015-03-04 04:09:54 UTC,,,,,
2573905,IssueCommentEvent,podlove_podlove-publisher,2015-03-04 11:22:55 UTC,,,,,
2573906,IssueCommentEvent,podlove_podlove-publisher,2015-01-20 20:05:11 UTC,,,,,
2573907,IssueCommentEvent,podlove_podlove-publisher,2015-01-26 18:18:56 UTC,,,,,
2577835,IssueCommentEvent,podlove_podlove-publisher,2015-06-24 08:59:43 UTC,,,,,
2579270,PushEvent,podlove_podlove-publisher,2015-05-29 00:38:24 UTC,,,,,
2579271,PushEvent,podlove_podlove-publisher,2015-11-12 10:17:45 UTC,,,,,
2584133,DeleteEvent,podlove_podlove-publisher,2015-04-24 10:29:27 UTC,,,,,
2584349,IssuesEvent,podlove_podlove-publisher,2015-04-27 03:12:59 UTC,,,,,
2588343,IssuesEvent,podlove_podlove-publisher,2015-07-12 10:56:14 UTC,,,,,
2592334,IssuesEvent,podlove_podlove-publisher,2015-04-28 23:49:16 UTC,,,,,
2595979,DeleteEvent,podlove_podlove-publisher,2015-05-06 03:35:22 UTC,,,,,
2597506,IssueCommentEvent,podlove_podlove-publisher,2015-03-18 11:49:31 UTC,,,,,
2597507,IssueCommentEvent,podlove_podlove-publisher,2015-04-09 00:11:01 UTC,,,,,
2599938,CreateEvent,podlove_podlove-publisher,2015-04-19 20:14:11 UTC,,,,,
2600180,IssuesEvent,podlove_podlove-publisher,2015-12-05 11:12:37 UTC,,,,,
2601488,IssueCommentEvent,podlove_podlove-publisher,2015-09-28 08:47:29 UTC,,,,,
2602950,PushEvent,podlove_podlove-publisher,2015-02-17 11:18:02 UTC,,,,,
2603871,CreateEvent,podlove_podlove-publisher,2015-11-12 10:20:58 UTC,,,,,
2604121,IssuesEvent,podlove_podlove-publisher,2015-01-20 15:07:50 UTC,,,,,
2604122,IssuesEvent,podlove_podlove-publisher,2015-11-28 12:37:03 UTC,,,,,
2605494,IssueCommentEvent,podlove_podlove-publisher,2015-03-03 10:04:55 UTC,,,,,
2605495,IssueCommentEvent,podlove_podlove-publisher,2015-02-01 13:52:55 UTC,,,,,
2609318,IssueCommentEvent,podlove_podlove-publisher,2015-04-09 16:21:05 UTC,,,,,
2611434,WatchEvent,podlove_podlove-publisher,2015-03-10 23:03:29 UTC,,,,,
2611983,IssuesEvent,podlove_podlove-publisher,2015-05-06 03:12:45 UTC,,,,,
2611984,IssuesEvent,podlove_podlove-publisher,2015-02-05 05:35:26 UTC,,,,,
2615780,CreateEvent,podlove_podlove-publisher,2015-02-15 04:27:05 UTC,,,,,
2615781,CreateEvent,podlove_podlove-publisher,2015-03-03 20:33:04 UTC,,,,,
2616416,PullRequestEvent,podlove_podlove-publisher,2015-05-12 08:40:57 UTC,,,,,
2618863,PushEvent,podlove_podlove-publisher,2015-04-03 07:50:23 UTC,,,,,
2623976,IssuesEvent,podlove_podlove-publisher,2015-03-20 10:24:39 UTC,,,,,
2623977,IssuesEvent,podlove_podlove-publisher,2015-01-19 10:22:17 UTC,,,,,
2625337,IssueCommentEvent,podlove_podlove-publisher,2015-02-25 04:07:41 UTC,,,,,
2629299,IssueCommentEvent,podlove_podlove-publisher,2015-06-23 04:00:20 UTC,,,,,
2629300,IssueCommentEvent,podlove_podlove-publisher,2015-04-04 20:25:29 UTC,,,,,
2633213,IssueCommentEvent,podlove_podlove-publisher,2015-01-30 20:55:42 UTC,,,,,
2633214,IssueCommentEvent,podlove_podlove-publisher,2015-03-07 16:10:10 UTC,,,,,
2633215,IssueCommentEvent,podlove_podlove-publisher,2015-01-03 12:03:19 UTC,,,,,
2635833,IssuesEvent,podlove_podlove-publisher,2015-02-13 13:21:39 UTC,,,,,
2637253,IssueCommentEvent,podlove_podlove-publisher,2015-04-04 19:41:29 UTC,,,,,
2639711,IssuesEvent,podlove_podlove-publisher,2015-02-15 20:36:55 UTC,,,,,
2641024,IssueCommentEvent,podlove_podlove-publisher,2015-04-09 11:53:24 UTC,,,,,
2642518,PushEvent,podlove_podlove-publisher,2015-05-25 07:04:28 UTC,,,,,
2647403,CreateEvent,podlove_podlove-publisher,2015-05-27 07:20:33 UTC,,,,,
2648863,IssueCommentEvent,podlove_podlove-publisher,2015-06-09 20:43:20 UTC,,,,,
2654248,PushEvent,podlove_podlove-publisher,2015-03-18 11:48:45 UTC,,,,,
2656682,IssueCommentEvent,podlove_podlove-publisher,2015-01-23 16:26:36 UTC,,,,,
2656683,IssueCommentEvent,podlove_podlove-publisher,2015-02-28 03:26:26 UTC,,,,,
2657561,PullRequestReviewCommentEvent,podlove_podlove-publisher,2015-04-03 06:44:21 UTC,,,,,
2658192,PushEvent,podlove_podlove-publisher,2015-05-14 02:57:05 UTC,,,,,
2660588,IssueCommentEvent,podlove_podlove-publisher,2015-09-29 11:43:51 UTC,,,,,
2663282,IssuesEvent,podlove_podlove-publisher,2015-04-27 03:15:01 UTC,,,,,
2664634,IssueCommentEvent,podlove_podlove-publisher,2015-03-04 11:41:31 UTC,,,,,
2668528,IssueCommentEvent,podlove_podlove-publisher,2015-01-25 19:36:26 UTC,,,,,
2668529,IssueCommentEvent,podlove_podlove-publisher,2015-03-17 12:06:32 UTC,,,,,
2673959,PushEvent,podlove_podlove-publisher,2015-04-03 00:35:55 UTC,,,,,
2676420,IssueCommentEvent,podlove_podlove-publisher,2015-12-08 19:16:28 UTC,,,,,
2676421,IssueCommentEvent,podlove_podlove-publisher,2015-02-14 05:22:27 UTC,,,,,
2681676,PushEvent,podlove_podlove-publisher,2015-01-25 06:21:40 UTC,,,,,
2684182,IssueCommentEvent,podlove_podlove-publisher,2015-03-11 07:50:47 UTC,,,,,
2684183,IssueCommentEvent,podlove_podlove-publisher,2015-03-17 15:55:32 UTC,,,,,
2684184,IssueCommentEvent,podlove_podlove-publisher,2015-02-15 12:56:25 UTC,,,,,
2686567,CreateEvent,podlove_podlove-publisher,2015-09-14 07:26:25 UTC,,,,,
2688159,IssueCommentEvent,podlove_podlove-publisher,2015-02-14 12:27:40 UTC,,,,,
2693518,PushEvent,podlove_podlove-publisher,2015-05-18 06:03:51 UTC,,,,,
2695960,IssueCommentEvent,podlove_podlove-publisher,2015-01-14 00:41:31 UTC,,,,,
2700064,IssueCommentEvent,podlove_podlove-publisher,2015-08-29 09:09:16 UTC,,,,,
2701413,PushEvent,podlove_podlove-publisher,2015-09-16 02:05:58 UTC,,,,,
2707811,IssueCommentEvent,podlove_podlove-publisher,2015-01-10 03:30:22 UTC,,,,,
2709139,PushEvent,podlove_podlove-publisher,2015-03-03 20:34:07 UTC,,,,,
2710118,DeleteEvent,podlove_podlove-publisher,2015-05-19 11:09:00 UTC,,,,,
2710323,IssuesEvent,podlove_podlove-publisher,2015-02-27 13:52:13 UTC,,,,,
2710324,IssuesEvent,podlove_podlove-publisher,2015-04-27 03:16:06 UTC,,,,,
2710472,ReleaseEvent,podlove_podlove-publisher,2015-11-13 11:29:20 UTC,,,,,
2710695,PullRequestEvent,podlove_podlove-publisher,2015-05-08 22:22:43 UTC,,,,,
2711698,IssueCommentEvent,podlove_podlove-publisher,2015-01-23 16:00:30 UTC,,,,,
2711699,IssueCommentEvent,podlove_podlove-publisher,2015-06-10 03:03:41 UTC,,,,,
2713952,CreateEvent,podlove_podlove-publisher,2015-05-06 03:33:12 UTC,,,,,
2714183,IssuesEvent,podlove_podlove-publisher,2015-05-06 03:12:27 UTC,,,,,
2714184,IssuesEvent,podlove_podlove-publisher,2015-03-05 16:44:52 UTC,,,,,
2715479,IssueCommentEvent,podlove_podlove-publisher,2015-01-21 05:55:02 UTC,,,,,
2718073,IssuesEvent,podlove_podlove-publisher,2015-11-15 11:56:53 UTC,,,,,
2722002,IssuesEvent,podlove_podlove-publisher,2015-11-15 11:42:32 UTC,,,,,
2722003,IssuesEvent,podlove_podlove-publisher,2015-12-16 08:46:40 UTC,,,,,
2722004,IssuesEvent,podlove_podlove-publisher,2015-04-08 11:52:27 UTC,,,,,
2723340,IssueCommentEvent,podlove_podlove-publisher,2015-11-26 12:40:51 UTC,,,,,
2727330,IssueCommentEvent,podlove_podlove-publisher,2015-05-05 10:24:38 UTC,,,,,
2728716,PushEvent,podlove_podlove-publisher,2015-04-03 06:10:52 UTC,,,,,
2732707,PushEvent,podlove_podlove-publisher,2015-06-03 09:46:42 UTC,,,,,
2733906,IssuesEvent,podlove_podlove-publisher,2015-06-11 03:30:57 UTC,,,,,
2735222,IssueCommentEvent,podlove_podlove-publisher,2015-01-15 21:23:06 UTC,,,,,
2739213,IssueCommentEvent,podlove_podlove-publisher,2015-04-08 12:53:28 UTC,,,,,
2739214,IssueCommentEvent,podlove_podlove-publisher,2015-10-07 01:46:31 UTC,,,,,
2740622,PushEvent,podlove_podlove-publisher,2015-09-14 04:18:20 UTC,,,,,
2741777,IssuesEvent,podlove_podlove-publisher,2015-03-11 10:15:56 UTC,,,,,
2743153,IssueCommentEvent,podlove_podlove-publisher,2015-05-14 03:26:38 UTC,,,,,
2743154,IssueCommentEvent,podlove_podlove-publisher,2015-01-21 04:48:29 UTC,,,,,
2743155,IssueCommentEvent,podlove_podlove-publisher,2015-04-04 20:48:48 UTC,,,,,
2745683,IssuesEvent,podlove_podlove-publisher,2015-05-25 23:56:18 UTC,,,,,
2746930,IssueCommentEvent,podlove_podlove-publisher,2015-06-24 08:09:41 UTC,,,,,
2750822,IssueCommentEvent,podlove_podlove-publisher,2015-01-31 10:06:19 UTC,,,,,
2750823,IssueCommentEvent,podlove_podlove-publisher,2015-05-25 12:55:05 UTC,,,,,
2750824,IssueCommentEvent,podlove_podlove-publisher,2015-03-04 13:31:21 UTC,,,,,
2750825,IssueCommentEvent,podlove_podlove-publisher,2015-01-31 07:59:18 UTC,,,,,
2752384,PushEvent,podlove_podlove-publisher,2015-04-08 09:33:30 UTC,,,,,
2752385,PushEvent,podlove_podlove-publisher,2015-09-25 06:55:41 UTC,,,,,
2753585,IssuesEvent,podlove_podlove-publisher,2015-11-15 12:11:56 UTC,,,,,
2754888,IssueCommentEvent,podlove_podlove-publisher,2015-01-14 00:38:29 UTC,,,,,
2754889,IssueCommentEvent,podlove_podlove-publisher,2015-01-17 12:17:46 UTC,,,,,
2754890,IssueCommentEvent,podlove_podlove-publisher,2015-03-14 22:53:01 UTC,,,,,
2756414,PushEvent,podlove_podlove-publisher,2015-04-30 11:21:58 UTC,,,,,
2757375,CreateEvent,podlove_podlove-publisher,2015-09-25 07:29:53 UTC,,,,,
2757608,IssuesEvent,podlove_podlove-publisher,2015-01-18 15:38:41 UTC,,,,,
2758847,IssueCommentEvent,podlove_podlove-publisher,2015-02-25 04:35:13 UTC,,,,,
2758848,IssueCommentEvent,podlove_podlove-publisher,2015-05-06 02:06:53 UTC,,,,,
2762831,IssueCommentEvent,podlove_podlove-publisher,2015-01-31 07:20:53 UTC,,,,,
2762832,IssueCommentEvent,podlove_podlove-publisher,2015-05-25 14:30:20 UTC,,,,,
2766731,IssueCommentEvent,podlove_podlove-publisher,2015-03-11 07:00:11 UTC,,,,,
2766732,IssueCommentEvent,podlove_podlove-publisher,2015-04-27 06:52:26 UTC,,,,,
2768142,PushEvent,podlove_podlove-publisher,2015-01-26 18:18:31 UTC,,,,,
2772120,PushEvent,podlove_podlove-publisher,2015-04-02 03:25:19 UTC,,,,,
2773295,IssuesEvent,podlove_podlove-publisher,2015-01-02 11:46:52 UTC,,,,,
2773656,PullRequestEvent,podlove_podlove-publisher,2015-01-13 10:34:48 UTC,,,,,
2774573,IssueCommentEvent,podlove_podlove-publisher,2015-01-17 14:55:56 UTC,,,,,
2774574,IssueCommentEvent,podlove_podlove-publisher,2015-03-11 10:15:56 UTC,,,,,
2777207,IssuesEvent,podlove_podlove-publisher,2015-05-06 03:09:02 UTC,,,,,
2778513,IssueCommentEvent,podlove_podlove-publisher,2015-04-27 03:08:08 UTC,,,,,
2782512,IssueCommentEvent,podlove_podlove-publisher,2015-03-05 20:06:26 UTC,,,,,
2783932,PushEvent,podlove_podlove-publisher,2015-06-04 01:04:12 UTC,,,,,
2784865,DeleteEvent,podlove_podlove-publisher,2015-02-15 04:26:23 UTC,,,,,
2785090,IssuesEvent,podlove_podlove-publisher,2015-10-23 08:59:13 UTC,,,,,
2790328,IssueCommentEvent,podlove_podlove-publisher,2015-01-02 10:18:40 UTC,,,,,
2792921,IssuesEvent,podlove_podlove-publisher,2015-02-16 07:46:16 UTC,,,,,
2795860,PushEvent,podlove_podlove-publisher,2015-01-27 09:07:34 UTC,,,,,
2797372,PullRequestEvent,podlove_podlove-publisher,2015-01-13 10:36:45 UTC,,,,,
2804936,IssuesEvent,podlove_podlove-publisher,2015-02-27 04:54:27 UTC,,,,,
2807762,PushEvent,podlove_podlove-publisher,2015-02-16 15:11:22 UTC,,,,,
2816560,DeleteEvent,podlove_podlove-publisher,2015-05-19 11:07:20 UTC,,,,,
2818191,IssueCommentEvent,podlove_podlove-publisher,2015-03-04 05:17:30 UTC,,,,,
2818192,IssueCommentEvent,podlove_podlove-publisher,2015-02-14 12:05:33 UTC,,,,,
2820554,CreateEvent,podlove_podlove-publisher,2015-12-10 09:36:06 UTC,,,,,
2821171,PullRequestEvent,podlove_podlove-publisher,2015-05-20 08:27:42 UTC,,,,,
2824551,DeleteEvent,podlove_podlove-publisher,2015-05-19 11:09:09 UTC,,,,,
2824762,IssuesEvent,podlove_podlove-publisher,2015-11-14 13:48:21 UTC,,,,,
2826099,IssueCommentEvent,podlove_podlove-publisher,2015-02-24 21:13:06 UTC,,,,,
2826100,IssueCommentEvent,podlove_podlove-publisher,2015-06-23 08:18:04 UTC,,,,,
2828782,IssuesEvent,podlove_podlove-publisher,2015-04-28 07:42:40 UTC,,,,,
2830079,IssueCommentEvent,podlove_podlove-publisher,2015-02-14 12:31:21 UTC,,,,,
2834147,IssueCommentEvent,podlove_podlove-publisher,2015-09-24 12:03:13 UTC,,,,,
2836500,CreateEvent,podlove_podlove-publisher,2015-05-20 07:40:34 UTC,,,,,
2836714,IssuesEvent,podlove_podlove-publisher,2015-02-01 09:19:07 UTC,,,,,
2837959,IssueCommentEvent,podlove_podlove-publisher,2015-03-03 09:57:45 UTC,,,,,
2837960,IssueCommentEvent,podlove_podlove-publisher,2015-02-28 09:06:32 UTC,,,,,
2839091,ForkEvent,podlove_podlove-publisher,2015-02-23 07:46:17 UTC,,,,,
2842085,IssueCommentEvent,podlove_podlove-publisher,2015-04-04 21:59:09 UTC,,,,,
2842086,IssueCommentEvent,podlove_podlove-publisher,2015-02-19 06:55:51 UTC,,,,,
2842087,IssueCommentEvent,podlove_podlove-publisher,2015-02-26 12:16:00 UTC,,,,,
2842088,IssueCommentEvent,podlove_podlove-publisher,2015-04-13 01:56:01 UTC,,,,,
2843525,PushEvent,podlove_podlove-publisher,2015-05-29 00:37:47 UTC,,,,,
2843526,PushEvent,podlove_podlove-publisher,2015-03-18 12:03:09 UTC,,,,,
2845001,PullRequestEvent,podlove_podlove-publisher,2015-08-29 03:50:08 UTC,,,,,
2847365,PushEvent,podlove_podlove-publisher,2015-02-15 04:20:27 UTC,,,,,
2848295,GollumEvent,podlove_podlove-publisher,2015-02-09 14:41:31 UTC,,,,,
2849838,IssueCommentEvent,podlove_podlove-publisher,2015-09-24 10:04:26 UTC,,,,,
2849839,IssueCommentEvent,podlove_podlove-publisher,2015-01-18 07:30:27 UTC,,,,,
2849840,IssueCommentEvent,podlove_podlove-publisher,2015-01-10 04:10:03 UTC,,,,,
2853695,IssueCommentEvent,podlove_podlove-publisher,2015-03-04 15:40:57 UTC,,,,,
2853696,IssueCommentEvent,podlove_podlove-publisher,2015-03-22 14:47:54 UTC,,,,,
2857509,IssueCommentEvent,podlove_podlove-publisher,2015-01-13 04:28:05 UTC,,,,,
2857510,IssueCommentEvent,podlove_podlove-publisher,2015-05-26 01:58:33 UTC,,,,,
2859573,WatchEvent,podlove_podlove-publisher,2015-01-02 22:03:05 UTC,,,,,
2860053,IssuesEvent,podlove_podlove-publisher,2015-11-18 10:36:15 UTC,,,,,
2860423,PullRequestEvent,podlove_podlove-publisher,2015-05-20 05:36:48 UTC,,,,,
2861350,IssueCommentEvent,podlove_podlove-publisher,2015-03-02 10:04:53 UTC,,,,,
2863832,CreateEvent,podlove_podlove-publisher,2015-06-19 09:04:20 UTC,,,,,
2864070,IssuesEvent,podlove_podlove-publisher,2015-04-25 09:37:17 UTC,,,,,
2864071,IssuesEvent,podlove_podlove-publisher,2015-04-08 15:33:15 UTC,,,,,
2873256,IssueCommentEvent,podlove_podlove-publisher,2015-02-06 11:52:42 UTC,,,,,
2877324,IssueCommentEvent,podlove_podlove-publisher,2015-03-05 13:44:43 UTC,,,,,
2879388,WatchEvent,podlove_podlove-publisher,2015-03-07 09:33:19 UTC,,,,,
2880272,PullRequestEvent,podlove_podlove-publisher,2015-04-03 08:21:42 UTC,,,,,
2883817,IssuesEvent,podlove_podlove-publisher,2015-11-17 07:54:23 UTC,,,,,
2885117,IssueCommentEvent,podlove_podlove-publisher,2015-01-05 07:10:38 UTC,,,,,
2889060,IssueCommentEvent,podlove_podlove-publisher,2015-03-14 08:39:02 UTC,,,,,
2891456,GollumEvent,podlove_podlove-publisher,2015-02-24 22:18:06 UTC,,,,,
2893096,IssueCommentEvent,podlove_podlove-publisher,2015-02-15 01:34:17 UTC,,,,,
2895024,WatchEvent,podlove_podlove-publisher,2015-05-07 12:40:22 UTC,,,,,
2895318,CreateEvent,podlove_podlove-publisher,2015-07-01 06:28:09 UTC,,,,,
2895553,IssuesEvent,podlove_podlove-publisher,2015-02-24 21:13:08 UTC,,,,,
2896954,IssueCommentEvent,podlove_podlove-publisher,2015-03-04 16:09:11 UTC,,,,,
2898298,PushEvent,podlove_podlove-publisher,2015-05-18 07:29:35 UTC,,,,,
2899172,CreateEvent,podlove_podlove-publisher,2015-11-15 13:13:20 UTC,,,,,
2900854,IssueCommentEvent,podlove_podlove-publisher,2015-02-16 18:13:50 UTC,,,,,
2900855,IssueCommentEvent,podlove_podlove-publisher,2015-09-28 08:29:10 UTC,,,,,
2901621,PullRequestReviewCommentEvent,podlove_podlove-publisher,2015-04-03 03:54:44 UTC,,,,,
2904833,IssueCommentEvent,podlove_podlove-publisher,2015-06-13 16:18:56 UTC,,,,,
2904834,IssueCommentEvent,podlove_podlove-publisher,2015-01-10 17:57:27 UTC,,,,,
2906239,PushEvent,podlove_podlove-publisher,2015-09-25 06:55:41 UTC,,,,,
2911226,DeleteEvent,podlove_podlove-publisher,2015-09-25 07:27:31 UTC,,,,,
2911430,IssuesEvent,podlove_podlove-publisher,2015-10-10 19:18:52 UTC,,,,,
2911431,IssuesEvent,podlove_podlove-publisher,2015-03-20 16:35:47 UTC,,,,,
2912802,IssueCommentEvent,podlove_podlove-publisher,2015-04-05 19:48:42 UTC,,,,,
2915375,IssuesEvent,podlove_podlove-publisher,2015-03-04 09:58:22 UTC,,,,,
2916739,IssueCommentEvent,podlove_podlove-publisher,2015-04-28 00:01:55 UTC,,,,,
2919261,IssuesEvent,podlove_podlove-publisher,2015-11-15 15:47:01 UTC,,,,,
2919262,IssuesEvent,podlove_podlove-publisher,2015-04-27 03:12:31 UTC,,,,,
2919657,PullRequestEvent,podlove_podlove-publisher,2015-11-12 10:21:28 UTC,,,,,
2920590,IssueCommentEvent,podlove_podlove-publisher,2015-06-23 08:34:35 UTC,,,,,
2920591,IssueCommentEvent,podlove_podlove-publisher,2015-04-27 01:30:47 UTC,,,,,
2924496,IssueCommentEvent,podlove_podlove-publisher,2015-02-24 20:53:13 UTC,,,,,
2925820,PushEvent,podlove_podlove-publisher,2015-04-21 03:24:21 UTC,,,,,
2928395,IssueCommentEvent,podlove_podlove-publisher,2015-06-24 08:45:37 UTC,,,,,
2929391,ForkEvent,podlove_podlove-publisher,2015-02-02 11:36:30 UTC,,,,,
2932282,IssueCommentEvent,podlove_podlove-publisher,2015-01-26 16:53:32 UTC,,,,,
2934854,IssuesEvent,podlove_podlove-publisher,2015-04-27 06:49:08 UTC,,,,,
2938718,IssuesEvent,podlove_podlove-publisher,2015-12-05 10:04:08 UTC,,,,,
2938719,IssuesEvent,podlove_podlove-publisher,2015-11-27 17:41:00 UTC,,,,,
2938720,IssuesEvent,podlove_podlove-publisher,2015-09-25 06:55:40 UTC,,,,,
2939063,PullRequestEvent,podlove_podlove-publisher,2015-10-24 21:46:28 UTC,,,,,
2940010,IssueCommentEvent,podlove_podlove-publisher,2015-02-16 09:07:19 UTC,,,,,
2940011,IssueCommentEvent,podlove_podlove-publisher,2015-01-26 17:55:48 UTC,,,,,
2940012,IssueCommentEvent,podlove_podlove-publisher,2015-08-24 15:46:21 UTC,,,,,
2941504,PushEvent,podlove_podlove-publisher,2015-12-04 11:35:47 UTC,,,,,
2943878,IssueCommentEvent,podlove_podlove-publisher,2015-04-25 22:10:31 UTC,,,,,
2943879,IssueCommentEvent,podlove_podlove-publisher,2015-02-17 15:59:23 UTC,,,,,
2946659,ReleaseEvent,podlove_podlove-publisher,2015-12-04 11:40:03 UTC,,,,,
2948690,PullRequestReviewCommentEvent,podlove_podlove-publisher,2015-04-03 03:59:32 UTC,,,,,
2951839,IssueCommentEvent,podlove_podlove-publisher,2015-02-27 11:56:18 UTC,,,,,
2953277,PushEvent,podlove_podlove-publisher,2015-05-15 02:41:55 UTC,,,,,
2954423,IssuesEvent,podlove_podlove-publisher,2015-01-12 17:35:32 UTC,,,,,
2955735,IssueCommentEvent,podlove_podlove-publisher,2015-03-05 13:45:59 UTC,,,,,
2955736,IssueCommentEvent,podlove_podlove-publisher,2015-03-13 17:10:48 UTC,,,,,
2957236,PushEvent,podlove_podlove-publisher,2015-01-19 05:15:50 UTC,,,,,
2961083,PushEvent,podlove_podlove-publisher,2015-04-06 10:01:32 UTC,,,,,
2961084,PushEvent,podlove_podlove-publisher,2015-10-26 02:52:42 UTC,,,,,
2962273,IssuesEvent,podlove_podlove-publisher,2015-01-26 16:39:08 UTC,,,,,
2963590,IssueCommentEvent,podlove_podlove-publisher,2015-03-22 11:55:00 UTC,,,,,
2966340,IssuesEvent,podlove_podlove-publisher,2015-01-06 12:19:21 UTC,,,,,
2966341,IssuesEvent,podlove_podlove-publisher,2015-05-06 03:09:59 UTC,,,,,
2967709,IssueCommentEvent,podlove_podlove-publisher,2015-04-28 15:54:24 UTC,,,,,
2969136,PushEvent,podlove_podlove-publisher,2015-05-09 05:13:54 UTC,,,,,
2971724,IssueCommentEvent,podlove_podlove-publisher,2015-11-15 12:11:56 UTC,,,,,
2975259,IssueCommentEvent,podlove_podlove-publisher,2015-02-16 07:07:46 UTC,,,,,
2975260,IssueCommentEvent,podlove_podlove-publisher,2015-02-27 13:20:20 UTC,,,,,
2975261,IssueCommentEvent,podlove_podlove-publisher,2015-08-25 15:27:07 UTC,,,,,
2977031,PushEvent,podlove_podlove-publisher,2015-05-13 06:53:26 UTC,,,,,
2977032,PushEvent,podlove_podlove-publisher,2015-07-14 03:46:12 UTC,,,,,
2987748,IssueCommentEvent,podlove_podlove-publisher,2015-04-10 08:35:15 UTC,,,,,
2990394,IssuesEvent,podlove_podlove-publisher,2015-03-21 12:22:08 UTC,,,,,
2991835,IssueCommentEvent,podlove_podlove-publisher,2015-05-25 14:06:17 UTC,,,,,
2991836,IssueCommentEvent,podlove_podlove-publisher,2015-03-13 16:00:21 UTC,,,,,
2993926,WatchEvent,podlove_podlove-publisher,2015-02-26 19:00:31 UTC,,,,,
2995741,IssueCommentEvent,podlove_podlove-publisher,2015-10-13 00:40:00 UTC,,,,,
2997147,PushEvent,podlove_podlove-publisher,2015-03-18 12:41:53 UTC,,,,,
2998245,IssuesEvent,podlove_podlove-publisher,2015-01-05 06:09:22 UTC,,,,,
2999585,IssueCommentEvent,podlove_podlove-publisher,2015-02-25 12:02:45 UTC,,,,,
2999586,IssueCommentEvent,podlove_podlove-publisher,2015-10-07 18:07:23 UTC,,,,,
2999587,IssueCommentEvent,podlove_podlove-publisher,2015-01-23 08:22:02 UTC,,,,,
3001045,PushEvent,podlove_podlove-publisher,2015-05-13 03:26:09 UTC,,,,,
3001956,CreateEvent,podlove_podlove-publisher,2015-04-24 10:07:55 UTC,,,,,
3003589,IssueCommentEvent,podlove_podlove-publisher,2015-01-03 14:32:38 UTC,,,,,
3010175,IssuesEvent,podlove_podlove-publisher,2015-03-25 20:31:18 UTC,,,,,
3011598,IssueCommentEvent,podlove_podlove-publisher,2015-08-13 12:44:14 UTC,,,,,
3011599,IssueCommentEvent,podlove_podlove-publisher,2015-05-25 14:24:50 UTC,,,,,
3012950,PushEvent,podlove_podlove-publisher,2015-04-17 10:25:40 UTC,,,,,
3013957,GollumEvent,podlove_podlove-publisher,2015-02-15 21:15:23 UTC,,,,,
3014488,PullRequestEvent,podlove_podlove-publisher,2015-11-13 18:44:24 UTC,,,,,
3015399,IssueCommentEvent,podlove_podlove-publisher,2015-03-06 08:02:54 UTC,,,,,
3019407,IssueCommentEvent,podlove_podlove-publisher,2015-03-27 12:30:01 UTC,,,,,
3021925,IssuesEvent,podlove_podlove-publisher,2015-05-06 03:13:16 UTC,,,,,
3023221,IssueCommentEvent,podlove_podlove-publisher,2015-02-26 03:27:27 UTC,,,,,
3027207,IssueCommentEvent,podlove_podlove-publisher,2015-03-05 13:14:22 UTC,,,,,
3027208,IssueCommentEvent,podlove_podlove-publisher,2015-01-15 20:49:58 UTC,,,,,
3028735,PushEvent,podlove_podlove-publisher,2015-05-06 03:32:32 UTC,,,,,
3029696,CreateEvent,podlove_podlove-publisher,2015-04-22 04:25:06 UTC,,,,,
3033972,IssuesEvent,podlove_podlove-publisher,2015-11-23 08:21:56 UTC,,,,,
3033973,IssuesEvent,podlove_podlove-publisher,2015-04-27 03:10:55 UTC,,,,,
3038039,ReleaseEvent,podlove_podlove-publisher,2015-05-27 07:25:48 UTC,,,,,
3039289,IssueCommentEvent,podlove_podlove-publisher,2015-01-28 11:31:04 UTC,,,,,
3040707,PushEvent,podlove_podlove-publisher,2015-03-04 15:19:59 UTC,,,,,
3041916,IssuesEvent,podlove_podlove-publisher,2015-09-25 06:55:40 UTC,,,,,
3050957,IssueCommentEvent,podlove_podlove-publisher,2015-05-06 01:56:36 UTC,,,,,
3053939,PullRequestEvent,podlove_podlove-publisher,2015-01-19 09:27:28 UTC,,,,,
3057344,CreateEvent,podlove_podlove-publisher,2015-10-01 08:36:15 UTC,,,,,
3058844,IssueCommentEvent,podlove_podlove-publisher,2015-01-06 19:57:50 UTC,,,,,
3063000,IssueCommentEvent,podlove_podlove-publisher,2015-05-06 01:01:59 UTC,,,,,
3063001,IssueCommentEvent,podlove_podlove-publisher,2015-05-11 02:45:48 UTC,,,,,
3063954,ForkEvent,podlove_podlove-publisher,2015-10-20 18:21:17 UTC,,,,,
3064994,WatchEvent,podlove_podlove-publisher,2015-03-25 06:45:56 UTC,,,,,
3065528,IssuesEvent,podlove_podlove-publisher,2015-02-26 08:22:30 UTC,,,,,
3070846,IssueCommentEvent,podlove_podlove-publisher,2015-03-17 14:15:13 UTC,,,,,
3073449,IssuesEvent,podlove_podlove-publisher,2015-10-07 21:35:38 UTC,,,,,
3074687,IssueCommentEvent,podlove_podlove-publisher,2015-04-24 12:36:20 UTC,,,,,
3074688,IssueCommentEvent,podlove_podlove-publisher,2015-02-04 11:59:37 UTC,,,,,
3078831,IssueCommentEvent,podlove_podlove-publisher,2015-02-15 14:07:16 UTC,,,,,
3081441,IssuesEvent,podlove_podlove-publisher,2015-05-06 03:11:48 UTC,,,,,
3082668,IssueCommentEvent,podlove_podlove-publisher,2015-10-15 15:25:01 UTC,,,,,
3082669,IssueCommentEvent,podlove_podlove-publisher,2015-01-16 08:11:14 UTC,,,,,
3085730,PullRequestEvent,podlove_podlove-publisher,2015-01-13 15:33:50 UTC,,,,,
3088173,PushEvent,podlove_podlove-publisher,2015-06-22 06:54:03 UTC,,,,,
3089334,IssuesEvent,podlove_podlove-publisher,2015-01-18 11:35:07 UTC,,,,,
3089335,IssuesEvent,podlove_podlove-publisher,2015-12-08 19:08:50 UTC,,,,,
3094577,IssueCommentEvent,podlove_podlove-publisher,2015-04-10 10:27:40 UTC,,,,,
3097179,IssuesEvent,podlove_podlove-publisher,2015-03-17 14:15:23 UTC,,,,,
3097180,IssuesEvent,podlove_podlove-publisher,2015-03-04 08:21:46 UTC,,,,,
3102478,IssueCommentEvent,podlove_podlove-publisher,2015-01-18 16:14:14 UTC,,,,,
3105059,IssuesEvent,podlove_podlove-publisher,2015-02-17 07:09:29 UTC,,,,,
3108988,IssuesEvent,podlove_podlove-publisher,2015-02-14 21:18:58 UTC,,,,,
3108989,IssuesEvent,podlove_podlove-publisher,2015-04-27 03:10:34 UTC,,,,,
3111776,PushEvent,podlove_podlove-publisher,2015-01-28 13:05:33 UTC,,,,,
3114240,IssueCommentEvent,podlove_podlove-publisher,2015-10-07 20:58:36 UTC,,,,,
3119652,PushEvent,podlove_podlove-publisher,2015-04-30 02:51:06 UTC,,,,,
3119653,PushEvent,podlove_podlove-publisher,2015-07-16 07:22:24 UTC,,,,,
3120759,IssuesEvent,podlove_podlove-publisher,2015-04-07 15:14:09 UTC,,,,,
3122074,IssueCommentEvent,podlove_podlove-publisher,2015-10-07 21:17:08 UTC,,,,,
3123467,PushEvent,podlove_podlove-publisher,2015-05-13 06:08:22 UTC,,,,,
3129938,IssueCommentEvent,podlove_podlove-publisher,2015-03-03 20:59:35 UTC,,,,,
3129939,IssueCommentEvent,podlove_podlove-publisher,2015-02-26 12:23:26 UTC,,,,,
3132527,IssuesEvent,podlove_podlove-publisher,2015-01-15 20:42:00 UTC,,,,,
3133881,IssueCommentEvent,podlove_podlove-publisher,2015-10-23 12:37:11 UTC,,,,,
3135287,PushEvent,podlove_podlove-publisher,2015-02-14 10:25:01 UTC,,,,,
3137715,IssueCommentEvent,podlove_podlove-publisher,2015-01-28 20:51:19 UTC,,,,,
3137716,IssueCommentEvent,podlove_podlove-publisher,2015-10-23 14:42:39 UTC,,,,,
3139259,PushEvent,podlove_podlove-publisher,2015-02-09 15:20:02 UTC,,,,,
3139260,PushEvent,podlove_podlove-publisher,2015-06-01 04:59:03 UTC,,,,,
3139261,PushEvent,podlove_podlove-publisher,2015-05-12 04:03:39 UTC,,,,,
3141806,IssueCommentEvent,podlove_podlove-publisher,2015-06-22 19:50:07 UTC,,,,,
3145529,IssueCommentEvent,podlove_podlove-publisher,2015-06-01 05:26:15 UTC,,,,,
3149534,IssueCommentEvent,podlove_podlove-publisher,2015-03-13 04:19:48 UTC,,,,,
3152189,IssuesEvent,podlove_podlove-publisher,2015-07-14 06:09:22 UTC,,,,,
3157501,IssueCommentEvent,podlove_podlove-publisher,2015-03-04 04:05:35 UTC,,,,,
3158989,PushEvent,podlove_podlove-publisher,2015-04-24 07:42:05 UTC,,,,,
3161468,IssueCommentEvent,podlove_podlove-publisher,2015-02-26 11:33:48 UTC,,,,,
3161469,IssueCommentEvent,podlove_podlove-publisher,2015-03-07 14:52:54 UTC,,,,,
3167904,IssuesEvent,podlove_podlove-publisher,2015-04-04 15:47:31 UTC,,,,,
3171796,IssuesEvent,podlove_podlove-publisher,2015-02-19 06:21:35 UTC,,,,,
3171797,IssuesEvent,podlove_podlove-publisher,2015-03-26 08:52:45 UTC,,,,,
3173192,IssueCommentEvent,podlove_podlove-publisher,2015-06-24 09:20:32 UTC,,,,,
3173193,IssueCommentEvent,podlove_podlove-publisher,2015-01-21 16:01:59 UTC,,,,,
3177094,IssueCommentEvent,podlove_podlove-publisher,2015-03-06 13:53:49 UTC,,,,,
3178581,PushEvent,podlove_podlove-publisher,2015-02-25 04:53:37 UTC,,,,,
3178582,PushEvent,podlove_podlove-publisher,2015-05-06 03:00:20 UTC,,,,,
3181019,IssueCommentEvent,podlove_podlove-publisher,2015-01-10 22:14:14 UTC,,,,,
3189052,IssueCommentEvent,podlove_podlove-publisher,2015-03-17 14:12:54 UTC,,,,,
3190453,PushEvent,podlove_podlove-publisher,2015-04-14 07:05:55 UTC,,,,,
3191644,IssuesEvent,podlove_podlove-publisher,2015-04-25 16:33:20 UTC,,,,,
3196961,IssueCommentEvent,podlove_podlove-publisher,2015-03-06 08:47:48 UTC,,,,,
3203545,IssuesEvent,podlove_podlove-publisher,2015-02-13 13:21:39 UTC,,,,,
3204939,IssueCommentEvent,podlove_podlove-publisher,2015-01-27 14:18:40 UTC,,,,,
3206374,PushEvent,podlove_podlove-publisher,2015-07-16 07:02:35 UTC,,,,,
3208927,IssueCommentEvent,podlove_podlove-publisher,2015-02-19 07:24:43 UTC,,,,,
3208928,IssueCommentEvent,podlove_podlove-publisher,2015-01-03 13:04:22 UTC,,,,,
3215235,CreateEvent,podlove_podlove-publisher,2015-05-22 09:47:16 UTC,,,,,
3216762,IssueCommentEvent,podlove_podlove-publisher,2015-02-06 11:55:00 UTC,,,,,
3216763,IssueCommentEvent,podlove_podlove-publisher,2015-06-19 13:08:39 UTC,,,,,
3220839,IssueCommentEvent,podlove_podlove-publisher,2015-09-28 08:46:50 UTC,,,,,
3220840,IssueCommentEvent,podlove_podlove-publisher,2015-02-16 09:43:24 UTC,,,,,
3222328,PushEvent,podlove_podlove-publisher,2015-04-30 11:23:40 UTC,,,,,
3227459,IssuesEvent,podlove_podlove-publisher,2015-04-06 00:06:57 UTC,,,,,
3228850,IssueCommentEvent,podlove_podlove-publisher,2015-03-11 12:17:28 UTC,,,,,
3228851,IssueCommentEvent,podlove_podlove-publisher,2015-03-07 16:21:46 UTC,,,,,
3231463,IssuesEvent,podlove_podlove-publisher,2015-01-31 10:31:54 UTC,,,,,
3232712,IssueCommentEvent,podlove_podlove-publisher,2015-04-03 00:59:04 UTC,,,,,
3232713,IssueCommentEvent,podlove_podlove-publisher,2015-11-15 12:03:40 UTC,,,,,
3232714,IssueCommentEvent,podlove_podlove-publisher,2015-06-11 03:43:16 UTC,,,,,
3240752,IssueCommentEvent,podlove_podlove-publisher,2015-05-06 01:10:17 UTC,,,,,
3240753,IssueCommentEvent,podlove_podlove-publisher,2015-08-29 07:30:56 UTC,,,,,
3244521,IssueCommentEvent,podlove_podlove-publisher,2015-06-24 13:47:56 UTC,,,,,
3246114,PushEvent,podlove_podlove-publisher,2015-04-27 07:59:09 UTC,,,,,
3247253,IssuesEvent,podlove_podlove-publisher,2015-01-28 05:50:24 UTC,,,,,
3247254,IssuesEvent,podlove_podlove-publisher,2015-07-14 06:02:30 UTC,,,,,
3247401,ReleaseEvent,podlove_podlove-publisher,2015-11-15 13:04:03 UTC,,,,,
3252639,IssueCommentEvent,podlove_podlove-publisher,2015-04-10 09:01:18 UTC,,,,,
3253623,ForkEvent,podlove_podlove-publisher,2015-02-23 07:55:52 UTC,,,,,
3254018,PushEvent,podlove_podlove-publisher,2015-08-30 10:21:52 UTC,,,,,
3254989,DeleteEvent,podlove_podlove-publisher,2015-11-13 11:30:14 UTC,,,,,
3256619,IssueCommentEvent,podlove_podlove-publisher,2015-10-14 20:26:40 UTC,,,,,
3256620,IssueCommentEvent,podlove_podlove-publisher,2015-01-04 17:04:35 UTC,,,,,
3256621,IssueCommentEvent,podlove_podlove-publisher,2015-04-08 11:54:33 UTC,,,,,
3259162,IssuesEvent,podlove_podlove-publisher,2015-02-27 22:37:22 UTC,,,,,
3259535,PullRequestEvent,podlove_podlove-publisher,2015-01-24 20:43:33 UTC,,,,,
3262976,DeleteEvent,podlove_podlove-publisher,2015-05-31 05:57:02 UTC,,,,,
3263180,IssuesEvent,podlove_podlove-publisher,2015-03-17 15:53:43 UTC,,,,,
3264526,IssueCommentEvent,podlove_podlove-publisher,2015-01-03 17:50:29 UTC,,,,,
3264527,IssueCommentEvent,podlove_podlove-publisher,2015-05-25 07:37:08 UTC,,,,,
3265935,PushEvent,podlove_podlove-publisher,2015-07-20 09:37:34 UTC,,,,,
3268439,IssueCommentEvent,podlove_podlove-publisher,2015-03-04 04:50:14 UTC,,,,,
3269840,PushEvent,podlove_podlove-publisher,2015-05-20 09:40:42 UTC,,,,,
3272320,IssueCommentEvent,podlove_podlove-publisher,2015-11-18 10:36:15 UTC,,,,,
3278878,IssuesEvent,podlove_podlove-publisher,2015-01-12 01:09:53 UTC,,,,,
3280263,IssueCommentEvent,podlove_podlove-publisher,2015-01-07 05:52:23 UTC,,,,,
3280264,IssueCommentEvent,podlove_podlove-publisher,2015-04-10 09:41:46 UTC,,,,,
3284268,IssueCommentEvent,podlove_podlove-publisher,2015-04-25 08:10:06 UTC,,,,,
3286594,CreateEvent,podlove_podlove-publisher,2015-02-16 16:12:36 UTC,,,,,
3290516,DeleteEvent,podlove_podlove-publisher,2015-03-30 08:59:20 UTC,,,,,
3292077,IssueCommentEvent,podlove_podlove-publisher,2015-01-16 07:15:25 UTC,,,,,
3292078,IssueCommentEvent,podlove_podlove-publisher,2015-04-08 20:17:17 UTC,,,,,
3303975,IssueCommentEvent,podlove_podlove-publisher,2015-01-21 11:16:45 UTC,,,,,
3306515,IssuesEvent,podlove_podlove-publisher,2015-01-13 22:21:12 UTC,,,,,
3306887,PullRequestEvent,podlove_podlove-publisher,2015-01-13 09:21:08 UTC,,,,,
3309291,PushEvent,podlove_podlove-publisher,2015-05-27 07:19:44 UTC,,,,,
3311855,IssueCommentEvent,podlove_podlove-publisher,2015-11-17 14:58:52 UTC,,,,,
3311856,IssueCommentEvent,podlove_podlove-publisher,2015-05-02 07:37:14 UTC,,,,,
3315857,IssueCommentEvent,podlove_podlove-publisher,2015-04-04 04:54:58 UTC,,,,,
433,PushEvent,podlove_podlove-publisher,2016-08-14 10:16:00 UTC,,,,,
9981,PushEvent,podlove_podlove-publisher,2016-10-18 02:00:41 UTC,,,,,
23316,CreateEvent,podlove_podlove-publisher,2016-05-04 07:31:57 UTC,,,,,
27641,IssueCommentEvent,podlove_podlove-publisher,2016-07-27 08:00:32 UTC,,,,,
36023,CreateEvent,podlove_podlove-publisher,2016-09-10 06:01:15 UTC,,,,,
43551,IssueCommentEvent,podlove_podlove-publisher,2016-11-19 17:38:37 UTC,,,,,
45692,IssuesEvent,podlove_podlove-publisher,2016-06-30 01:22:32 UTC,,,,,
46695,IssueCommentEvent,podlove_podlove-publisher,2016-08-22 11:02:54 UTC,,,,,
49832,IssueCommentEvent,podlove_podlove-publisher,2016-12-11 12:23:48 UTC,,,,,
51994,IssuesEvent,podlove_podlove-publisher,2016-12-19 18:12:28 UTC,,,,,
56075,IssueCommentEvent,podlove_podlove-publisher,2016-10-21 03:20:12 UTC,,,,,
61454,IssuesEvent,podlove_podlove-publisher,2016-02-04 08:19:28 UTC,,,,,
77023,CreateEvent,podlove_podlove-publisher,2016-01-08 02:08:18 UTC,,,,,
84584,IssueCommentEvent,podlove_podlove-publisher,2016-01-08 15:11:36 UTC,,,,,
100611,IssueCommentEvent,podlove_podlove-publisher,2016-08-22 13:07:06 UTC,,,,,
100612,IssueCommentEvent,podlove_podlove-publisher,2016-02-04 05:38:53 UTC,,,,,
102770,IssuesEvent,podlove_podlove-publisher,2016-06-26 08:29:20 UTC,,,,,
106924,IssueCommentEvent,podlove_podlove-publisher,2016-05-21 22:00:04 UTC,,,,,
110183,IssueCommentEvent,podlove_podlove-publisher,2016-09-12 12:08:50 UTC,,,,,
115462,IssuesEvent,podlove_podlove-publisher,2016-01-08 11:49:04 UTC,,,,,
121783,IssuesEvent,podlove_podlove-publisher,2016-02-27 08:08:23 UTC,,,,,
124950,IssuesEvent,podlove_podlove-publisher,2016-01-15 20:42:52 UTC,,,,,
126879,ForkEvent,podlove_podlove-publisher,2016-09-18 21:35:24 UTC,,,,,
129094,IssueCommentEvent,podlove_podlove-publisher,2016-08-23 09:49:08 UTC,,,,,
140450,WatchEvent,podlove_podlove-publisher,2016-11-16 08:53:51 UTC,,,,,
143143,PushEvent,podlove_podlove-publisher,2016-04-28 21:01:57 UTC,,,,,
154348,IssueCommentEvent,podlove_podlove-publisher,2016-01-15 02:24:20 UTC,,,,,
178748,DeleteEvent,podlove_podlove-publisher,2016-02-27 08:13:07 UTC,,,,,
181104,PushEvent,podlove_podlove-publisher,2016-09-16 03:45:31 UTC,,,,,
186124,IssueCommentEvent,podlove_podlove-publisher,2016-02-02 16:55:51 UTC,,,,,
203494,WatchEvent,podlove_podlove-publisher,2016-01-28 23:11:54 UTC,,,,,
206142,PushEvent,podlove_podlove-publisher,2016-09-26 10:46:10 UTC,,,,,
217561,IssueCommentEvent,podlove_podlove-publisher,2016-11-18 14:08:30 UTC,,,,,
229067,IssuesEvent,podlove_podlove-publisher,2016-12-01 00:10:13 UTC,,,,,
230035,IssueCommentEvent,podlove_podlove-publisher,2016-08-11 15:06:23 UTC,,,,,
230036,IssueCommentEvent,podlove_podlove-publisher,2016-04-05 08:17:04 UTC,,,,,
235191,CreateEvent,podlove_podlove-publisher,2016-09-10 06:10:57 UTC,,,,,
246933,PushEvent,podlove_podlove-publisher,2016-02-07 06:00:03 UTC,,,,,
248871,IssueCommentEvent,podlove_podlove-publisher,2016-11-24 04:35:22 UTC,,,,,
251929,IssueCommentEvent,podlove_podlove-publisher,2016-12-09 08:53:51 UTC,,,,,
258097,IssueCommentEvent,podlove_podlove-publisher,2016-11-30 22:15:53 UTC,,,,,
262476,PushEvent,podlove_podlove-publisher,2016-04-19 16:35:52 UTC,,,,,
267481,IssueCommentEvent,podlove_podlove-publisher,2016-05-04 05:14:17 UTC,,,,,
273908,IssueCommentEvent,podlove_podlove-publisher,2016-12-09 09:52:24 UTC,,,,,
282396,IssuesEvent,podlove_podlove-publisher,2016-02-02 16:41:40 UTC,,,,,
287766,PushEvent,podlove_podlove-publisher,2016-02-07 13:17:09 UTC,,,,,
291381,WatchEvent,podlove_podlove-publisher,2016-07-19 22:47:27 UTC,,,,,
304284,IssuesEvent,podlove_podlove-publisher,2016-01-17 02:51:32 UTC,,,,,
313905,PullRequestEvent,podlove_podlove-publisher,2016-07-25 01:24:50 UTC,,,,,
319930,IssuesEvent,podlove_podlove-publisher,2016-10-18 22:30:10 UTC,,,,,
324073,IssueCommentEvent,podlove_podlove-publisher,2016-12-31 12:57:10 UTC,,,,,
330438,IssueCommentEvent,podlove_podlove-publisher,2016-10-12 01:27:10 UTC,,,,,
335885,IssuesEvent,podlove_podlove-publisher,2016-12-08 04:35:57 UTC,,,,,
348478,IssuesEvent,podlove_podlove-publisher,2016-10-10 08:47:51 UTC,,,,,
360930,DeleteEvent,podlove_podlove-publisher,2016-12-05 11:14:03 UTC,,,,,
361082,IssuesEvent,podlove_podlove-publisher,2016-05-06 13:26:20 UTC,,,,,
364061,GollumEvent,podlove_podlove-publisher,2016-07-22 09:00:09 UTC,,,,,
366464,PushEvent,podlove_podlove-publisher,2016-01-08 09:16:22 UTC,,,,,
369684,PushEvent,podlove_podlove-publisher,2016-11-28 15:33:44 UTC,,,,,
374721,IssueCommentEvent,podlove_podlove-publisher,2016-06-28 05:27:43 UTC,,,,,
376374,WatchEvent,podlove_podlove-publisher,2016-10-12 15:47:04 UTC,,,,,
379114,PushEvent,podlove_podlove-publisher,2016-01-17 03:34:14 UTC,,,,,
390425,IssueCommentEvent,podlove_podlove-publisher,2016-12-08 04:35:57 UTC,,,,,
405472,IssuesEvent,podlove_podlove-publisher,2016-02-04 18:48:10 UTC,,,,,
409644,IssueCommentEvent,podlove_podlove-publisher,2016-06-17 18:00:24 UTC,,,,,
415929,IssueCommentEvent,podlove_podlove-publisher,2016-05-04 17:03:16 UTC,,,,,
422146,IssueCommentEvent,podlove_podlove-publisher,2016-10-05 01:59:44 UTC,,,,,
424268,IssuesEvent,podlove_podlove-publisher,2016-10-14 02:41:49 UTC,,,,,
428468,IssueCommentEvent,podlove_podlove-publisher,2016-12-16 10:33:42 UTC,,,,,
428469,IssueCommentEvent,podlove_podlove-publisher,2016-02-13 05:18:58 UTC,,,,,
433774,IssuesEvent,podlove_podlove-publisher,2016-03-10 14:17:42 UTC,,,,,
437022,ReleaseEvent,podlove_podlove-publisher,2016-05-04 07:21:51 UTC,,,,,
440219,ReleaseEvent,podlove_podlove-publisher,2016-09-10 06:08:05 UTC,,,,,
452152,WatchEvent,podlove_podlove-publisher,2016-10-13 14:56:01 UTC,,,,,
452659,IssuesEvent,podlove_podlove-publisher,2016-03-17 19:32:14 UTC,,,,,
459080,IssuesEvent,podlove_podlove-publisher,2016-05-04 13:30:23 UTC,,,,,
465164,IssuesEvent,podlove_podlove-publisher,2016-10-21 03:20:12 UTC,,,,,
466117,IssueCommentEvent,podlove_podlove-publisher,2016-01-08 12:11:13 UTC,,,,,
467296,PushEvent,podlove_podlove-publisher,2016-11-08 07:13:58 UTC,,,,,
473617,PushEvent,podlove_podlove-publisher,2016-10-11 11:52:12 UTC,,,,,
479960,PushEvent,podlove_podlove-publisher,2016-02-27 08:08:24 UTC,,,,,
486292,PushEvent,podlove_podlove-publisher,2016-10-08 02:04:58 UTC,,,,,
487575,PullRequestEvent,podlove_podlove-publisher,2016-02-12 17:15:41 UTC,,,,,
490363,DeleteEvent,podlove_podlove-publisher,2016-12-05 11:21:16 UTC,,,,,
490509,IssuesEvent,podlove_podlove-publisher,2016-10-14 02:45:01 UTC,,,,,
497900,IssueCommentEvent,podlove_podlove-publisher,2016-05-04 16:59:12 UTC,,,,,
499115,PushEvent,podlove_podlove-publisher,2016-01-08 07:54:32 UTC,,,,,
501032,IssueCommentEvent,podlove_podlove-publisher,2016-07-25 01:36:19 UTC,,,,,
503006,CreateEvent,podlove_podlove-publisher,2016-05-04 07:20:12 UTC,,,,,
511803,PushEvent,podlove_podlove-publisher,2016-10-13 11:26:16 UTC,,,,,
532752,IssueCommentEvent,podlove_podlove-publisher,2016-08-24 11:48:45 UTC,,,,,
535948,IssueCommentEvent,podlove_podlove-publisher,2016-03-28 09:35:14 UTC,,,,,
538401,PullRequestEvent,podlove_podlove-publisher,2016-12-31 13:05:09 UTC,,,,,
541250,IssuesEvent,podlove_podlove-publisher,2016-02-27 08:08:22 UTC,,,,,
543403,PushEvent,podlove_podlove-publisher,2016-09-26 10:37:37 UTC,,,,,
566230,IssuesEvent,podlove_podlove-publisher,2016-12-14 16:18:11 UTC,,,,,
569213,CreateEvent,podlove_podlove-publisher,2016-12-05 10:48:08 UTC,,,,,
569519,ReleaseEvent,podlove_podlove-publisher,2016-01-08 02:04:03 UTC,,,,,
576680,IssueCommentEvent,podlove_podlove-publisher,2016-02-09 09:29:22 UTC,,,,,
577876,PushEvent,podlove_podlove-publisher,2016-02-29 03:46:01 UTC,,,,,
591383,DeleteEvent,podlove_podlove-publisher,2016-12-05 11:03:22 UTC,,,,,
599961,PushEvent,podlove_podlove-publisher,2016-12-05 10:37:36 UTC,,,,,
603119,PushEvent,podlove_podlove-publisher,2016-12-01 03:41:27 UTC,,,,,
605073,IssueCommentEvent,podlove_podlove-publisher,2016-05-06 13:29:49 UTC,,,,,
607574,PullRequestEvent,podlove_podlove-publisher,2016-07-24 22:47:30 UTC,,,,,
608254,IssueCommentEvent,podlove_podlove-publisher,2016-07-26 10:15:10 UTC,,,,,
610376,IssuesEvent,podlove_podlove-publisher,2016-10-14 02:55:13 UTC,,,,,
617727,IssueCommentEvent,podlove_podlove-publisher,2016-05-09 21:00:16 UTC,,,,,
639809,IssueCommentEvent,podlove_podlove-publisher,2016-12-19 18:12:28 UTC,,,,,
641059,PushEvent,podlove_podlove-publisher,2016-04-29 21:19:39 UTC,,,,,
645251,ReleaseEvent,podlove_podlove-publisher,2016-08-14 10:55:01 UTC,,,,,
646047,IssueCommentEvent,podlove_podlove-publisher,2016-12-08 05:52:17 UTC,,,,,
650502,PushEvent,podlove_podlove-publisher,2016-11-11 09:34:35 UTC,,,,,
652422,IssueCommentEvent,podlove_podlove-publisher,2016-11-28 15:37:44 UTC,,,,,
658735,IssueCommentEvent,podlove_podlove-publisher,2016-12-31 13:01:16 UTC,,,,,
669305,PushEvent,podlove_podlove-publisher,2016-02-03 02:50:57 UTC,,,,,
686126,IssuesEvent,podlove_podlove-publisher,2016-09-27 10:40:03 UTC,,,,,
690292,IssueCommentEvent,podlove_podlove-publisher,2016-12-11 11:15:50 UTC,,,,,
691528,PushEvent,podlove_podlove-publisher,2016-03-09 12:39:38 UTC,,,,,
692535,IssuesEvent,podlove_podlove-publisher,2016-08-22 09:50:41 UTC,,,,,
698698,IssuesEvent,podlove_podlove-publisher,2016-02-01 15:56:37 UTC,,,,,
702802,IssueCommentEvent,podlove_podlove-publisher,2016-11-18 14:35:59 UTC,,,,,
709168,IssueCommentEvent,podlove_podlove-publisher,2016-01-19 18:12:10 UTC,,,,,
716698,PushEvent,podlove_podlove-publisher,2016-09-14 07:41:19 UTC,,,,,
717469,DeleteEvent,podlove_podlove-publisher,2016-09-10 09:08:23 UTC,,,,,
724889,IssueCommentEvent,podlove_podlove-publisher,2016-10-15 01:22:21 UTC,,,,,
727996,IssueCommentEvent,podlove_podlove-publisher,2016-09-18 13:12:29 UTC,,,,,
730369,ReleaseEvent,podlove_podlove-publisher,2016-09-10 08:59:12 UTC,,,,,
753035,IssueCommentEvent,podlove_podlove-publisher,2016-05-06 13:20:26 UTC,,,,,
754323,PushEvent,podlove_podlove-publisher,2016-08-14 10:44:34 UTC,,,,,
760615,PushEvent,podlove_podlove-publisher,2016-05-04 07:19:25 UTC,,,,,
768933,IssueCommentEvent,podlove_podlove-publisher,2016-05-05 08:35:26 UTC,,,,,
774224,IssuesEvent,podlove_podlove-publisher,2016-01-08 09:22:28 UTC,,,,,
780675,PullRequestEvent,podlove_podlove-publisher,2016-09-19 00:46:19 UTC,,,,,
783561,IssuesEvent,podlove_podlove-publisher,2016-09-18 15:14:18 UTC,,,,,
814930,IssuesEvent,podlove_podlove-publisher,2016-04-12 13:47:13 UTC,,,,,
818005,CreateEvent,podlove_podlove-publisher,2016-02-27 08:08:49 UTC,,,,,
818006,CreateEvent,podlove_podlove-publisher,2016-04-19 16:39:43 UTC,,,,,
819168,IssueCommentEvent,podlove_podlove-publisher,2016-03-18 07:16:55 UTC,,,,,
828577,IssueCommentEvent,podlove_podlove-publisher,2016-08-30 11:56:45 UTC,,,,,
831856,IssueCommentEvent,podlove_podlove-publisher,2016-02-04 20:36:12 UTC,,,,,
831857,IssueCommentEvent,podlove_podlove-publisher,2016-10-04 21:32:20 UTC,,,,,
846840,IssuesEvent,podlove_podlove-publisher,2016-11-23 22:18:28 UTC,,,,,
846841,IssuesEvent,podlove_podlove-publisher,2016-02-04 08:23:01 UTC,,,,,
849975,IssuesEvent,podlove_podlove-publisher,2016-01-19 16:38:01 UTC,,,,,
865652,CreateEvent,podlove_podlove-publisher,2016-08-14 10:58:52 UTC,,,,,
878387,IssuesEvent,podlove_podlove-publisher,2016-05-06 13:30:36 UTC,,,,,
888867,IssueCommentEvent,podlove_podlove-publisher,2016-05-06 13:26:20 UTC,,,,,
890885,CreateEvent,podlove_podlove-publisher,2016-09-16 04:15:35 UTC,,,,,
894053,DeleteEvent,podlove_podlove-publisher,2016-12-05 11:20:30 UTC,,,,,
895142,IssueCommentEvent,podlove_podlove-publisher,2016-12-22 03:10:46 UTC,,,,,
899525,PushEvent,podlove_podlove-publisher,2016-12-22 03:49:19 UTC,,,,,
902654,PushEvent,podlove_podlove-publisher,2016-11-24 03:57:45 UTC,,,,,
905823,PushEvent,podlove_podlove-publisher,2016-09-18 15:13:25 UTC,,,,,
921504,PushEvent,podlove_podlove-publisher,2016-12-01 07:57:26 UTC,,,,,
924671,PushEvent,podlove_podlove-publisher,2016-02-03 04:26:20 UTC,,,,,
925654,IssuesEvent,podlove_podlove-publisher,2016-04-06 17:22:48 UTC,,,,,
927910,PushEvent,podlove_podlove-publisher,2016-09-14 07:41:20 UTC,,,,,
932014,IssuesEvent,podlove_podlove-publisher,2016-10-10 13:48:19 UTC,,,,,
932015,IssuesEvent,podlove_podlove-publisher,2016-11-27 10:44:54 UTC,,,,,
934218,PushEvent,podlove_podlove-publisher,2016-04-19 17:28:49 UTC,,,,,
937343,PushEvent,podlove_podlove-publisher,2016-04-13 09:48:23 UTC,,,,,
940462,PushEvent,podlove_podlove-publisher,2016-10-15 13:57:47 UTC,,,,,
949972,PushEvent,podlove_podlove-publisher,2016-08-14 11:10:34 UTC,,,,,
951948,IssueCommentEvent,podlove_podlove-publisher,2016-05-09 07:15:09 UTC,,,,,
951949,IssueCommentEvent,podlove_podlove-publisher,2016-07-25 01:24:54 UTC,,,,,
977259,IssueCommentEvent,podlove_podlove-publisher,2016-10-15 20:21:25 UTC,,,,,
984790,PushEvent,podlove_podlove-publisher,2016-05-02 12:57:08 UTC,,,,,
986669,IssueCommentEvent,podlove_podlove-publisher,2016-02-03 13:14:29 UTC,,,,,
991752,DeleteEvent,podlove_podlove-publisher,2016-01-24 07:12:55 UTC,,,,,
1010771,CreateEvent,podlove_podlove-publisher,2016-09-18 15:19:45 UTC,,,,,
1021357,IssueCommentEvent,podlove_podlove-publisher,2016-09-28 04:55:03 UTC,,,,,
1026890,ReleaseEvent,podlove_podlove-publisher,2016-02-29 03:47:04 UTC,,,,,
1043641,IssueCommentEvent,podlove_podlove-publisher,2016-01-18 21:05:49 UTC,,,,,
1043642,IssueCommentEvent,podlove_podlove-publisher,2016-10-14 02:53:04 UTC,,,,,
1049337,PullRequestEvent,podlove_podlove-publisher,2016-11-28 15:37:44 UTC,,,,,
1051182,PushEvent,podlove_podlove-publisher,2016-11-28 05:27:47 UTC,,,,,
1064734,CreateEvent,podlove_podlove-publisher,2016-09-26 10:46:33 UTC,,,,,
1072090,IssueCommentEvent,podlove_podlove-publisher,2016-02-16 03:48:17 UTC,,,,,
1094979,PullRequestReviewCommentEvent,podlove_podlove-publisher,2016-02-03 04:34:54 UTC,,,,,
1103783,IssueCommentEvent,podlove_podlove-publisher,2016-03-14 02:50:25 UTC,,,,,
1117602,PushEvent,podlove_podlove-publisher,2016-09-10 08:56:48 UTC,,,,,
1146384,WatchEvent,podlove_podlove-publisher,2016-03-23 07:26:41 UTC,,,,,
1158788,PushEvent,podlove_podlove-publisher,2016-03-09 12:39:38 UTC,,,,,
1160768,IssueCommentEvent,podlove_podlove-publisher,2016-11-19 11:54:00 UTC,,,,,
1163893,IssueCommentEvent,podlove_podlove-publisher,2016-05-04 18:00:21 UTC,,,,,
1169066,CreateEvent,podlove_podlove-publisher,2016-12-05 11:10:25 UTC,,,,,
1178827,IssuesEvent,podlove_podlove-publisher,2016-02-12 21:52:28 UTC,,,,,
1181945,IssuesEvent,podlove_podlove-publisher,2016-01-24 07:45:56 UTC,,,,,
1189201,IssueCommentEvent,podlove_podlove-publisher,2016-12-22 03:05:39 UTC,,,,,
1190427,PushEvent,podlove_podlove-publisher,2016-11-24 03:00:15 UTC,,,,,
1197621,IssuesEvent,podlove_podlove-publisher,2016-05-21 22:00:04 UTC,,,,,
1199822,PushEvent,podlove_podlove-publisher,2016-04-19 17:25:25 UTC,,,,,
1200588,DeleteEvent,podlove_podlove-publisher,2016-12-05 11:17:48 UTC,,,,,
1206917,DeleteEvent,podlove_podlove-publisher,2016-12-05 11:14:21 UTC,,,,,
1208002,IssueCommentEvent,podlove_podlove-publisher,2016-12-06 16:29:43 UTC,,,,,
1230008,IssueCommentEvent,podlove_podlove-publisher,2016-06-30 00:04:02 UTC,,,,,
1242676,IssueCommentEvent,podlove_podlove-publisher,2016-05-02 18:14:53 UTC,,,,,
1248916,IssueCommentEvent,podlove_podlove-publisher,2016-12-08 03:51:53 UTC,,,,,
1262939,PushEvent,podlove_podlove-publisher,2016-12-31 13:04:28 UTC,,,,,
1266881,DeleteEvent,podlove_podlove-publisher,2016-08-14 10:57:35 UTC,,,,,
1279546,IssuesEvent,podlove_podlove-publisher,2016-12-10 01:28:49 UTC,,,,,
1284868,PushEvent,podlove_podlove-publisher,2016-02-29 03:46:01 UTC,,,,,
1306765,PushEvent,podlove_podlove-publisher,2016-02-16 08:38:50 UTC,,,,,
1306766,PushEvent,podlove_podlove-publisher,2016-09-18 15:14:18 UTC,,,,,
1307672,IssuesEvent,podlove_podlove-publisher,2016-08-11 15:06:23 UTC,,,,,
1307673,IssuesEvent,podlove_podlove-publisher,2016-05-06 13:20:26 UTC,,,,,
1310724,DeleteEvent,podlove_podlove-publisher,2016-12-05 11:19:50 UTC,,,,,
1316242,PushEvent,podlove_podlove-publisher,2016-09-10 09:12:35 UTC,,,,,
1326599,DeleteEvent,podlove_podlove-publisher,2016-12-05 11:15:38 UTC,,,,,
1335142,PushEvent,podlove_podlove-publisher,2016-10-18 07:55:50 UTC,,,,,
1338291,PushEvent,podlove_podlove-publisher,2016-12-08 05:00:26 UTC,,,,,
1339588,PullRequestEvent,podlove_podlove-publisher,2016-12-31 12:24:28 UTC,,,,,
1342389,IssuesEvent,podlove_podlove-publisher,2016-10-10 08:16:05 UTC,,,,,
1344568,PushEvent,podlove_podlove-publisher,2016-10-08 08:00:22 UTC,,,,,
1345377,DeleteEvent,podlove_podlove-publisher,2016-09-18 15:19:00 UTC,,,,,
1347727,PushEvent,podlove_podlove-publisher,2016-05-04 07:19:25 UTC,,,,,
1348676,IssuesEvent,podlove_podlove-publisher,2016-07-24 07:40:06 UTC,,,,,
1349617,IssueCommentEvent,podlove_podlove-publisher,2016-12-08 09:51:10 UTC,,,,,
1354852,CreateEvent,podlove_podlove-publisher,2016-12-05 11:09:51 UTC,,,,,
1360246,PushEvent,podlove_podlove-publisher,2016-05-04 07:19:25 UTC,,,,,
1368615,IssueCommentEvent,podlove_podlove-publisher,2016-11-15 19:29:03 UTC,,,,,
1368616,IssueCommentEvent,podlove_podlove-publisher,2016-01-08 15:58:22 UTC,,,,,
1371716,IssueCommentEvent,podlove_podlove-publisher,2016-01-08 09:22:27 UTC,,,,,
1386553,IssuesEvent,podlove_podlove-publisher,2016-02-27 08:08:23 UTC,,,,,
1388481,ForkEvent,podlove_podlove-publisher,2016-08-06 11:20:40 UTC,,,,,
1389566,CreateEvent,podlove_podlove-publisher,2016-02-29 03:46:51 UTC,,,,,
1389609,DeleteEvent,podlove_podlove-publisher,2016-09-16 04:14:48 UTC,,,,,
1389754,IssuesEvent,podlove_podlove-publisher,2016-12-22 03:10:46 UTC,,,,,
1392882,IssuesEvent,podlove_podlove-publisher,2016-02-04 05:36:10 UTC,,,,,
1395097,PushEvent,podlove_podlove-publisher,2016-11-03 03:19:57 UTC,,,,,
1396073,IssuesEvent,podlove_podlove-publisher,2016-10-24 11:27:31 UTC,,,,,
1399229,IssuesEvent,podlove_podlove-publisher,2016-09-25 16:27:54 UTC,,,,,
1400191,IssueCommentEvent,podlove_podlove-publisher,2016-10-20 16:39:13 UTC,,,,,
1407802,PushEvent,podlove_podlove-publisher,2016-10-08 04:48:46 UTC,,,,,
1415952,IssueCommentEvent,podlove_podlove-publisher,2016-11-19 17:58:55 UTC,,,,,
1419120,IssueCommentEvent,podlove_podlove-publisher,2016-05-06 09:39:58 UTC,,,,,
1426749,PushEvent,podlove_podlove-publisher,2016-08-30 12:00:56 UTC,,,,,
1436972,DeleteEvent,podlove_podlove-publisher,2016-12-05 11:17:07 UTC,,,,,
1439320,PushEvent,podlove_podlove-publisher,2016-12-01 09:36:30 UTC,,,,,
1452142,PushEvent,podlove_podlove-publisher,2016-11-11 08:35:11 UTC,,,,,
1452963,DeleteEvent,podlove_podlove-publisher,2016-12-05 11:14:30 UTC,,,,,
1453115,IssuesEvent,podlove_podlove-publisher,2016-01-08 09:21:28 UTC,,,,,
1454081,IssueCommentEvent,podlove_podlove-publisher,2016-05-03 21:29:43 UTC,,,,,
1469387,PullRequestEvent,podlove_podlove-publisher,2016-09-18 21:51:17 UTC,,,,,
1475575,IssuesEvent,podlove_podlove-publisher,2016-12-19 17:54:52 UTC,,,,,
1477829,PushEvent,podlove_podlove-publisher,2016-10-08 03:17:03 UTC,,,,,
1485261,PullRequestEvent,podlove_podlove-publisher,2016-11-28 09:45:05 UTC,,,,,
1487199,PushEvent,podlove_podlove-publisher,2016-10-08 01:59:16 UTC,,,,,
1492264,IssueCommentEvent,podlove_podlove-publisher,2016-08-11 13:56:46 UTC,,,,,
1495412,IssueCommentEvent,podlove_podlove-publisher,2016-06-28 04:06:54 UTC,,,,,
1496620,PushEvent,podlove_podlove-publisher,2016-11-05 09:39:31 UTC,,,,,
1501669,IssueCommentEvent,podlove_podlove-publisher,2016-05-09 12:41:15 UTC,,,,,
1513347,IssuesEvent,podlove_podlove-publisher,2016-08-14 10:44:33 UTC,,,,,
1516478,IssuesEvent,podlove_podlove-publisher,2016-07-22 08:52:43 UTC,,,,,
1528281,PushEvent,podlove_podlove-publisher,2016-03-26 07:05:58 UTC,,,,,
1532304,IssuesEvent,podlove_podlove-publisher,2016-05-05 08:35:26 UTC,,,,,
1535513,IssuesEvent,podlove_podlove-publisher,2016-03-30 21:37:23 UTC,,,,,
1540836,PushEvent,podlove_podlove-publisher,2016-11-20 12:21:11 UTC,,,,,
1550384,PushEvent,podlove_podlove-publisher,2016-03-25 11:25:43 UTC,,,,,
1551361,IssuesEvent,podlove_podlove-publisher,2016-07-31 05:17:08 UTC,,,,,
1553566,PushEvent,podlove_podlove-publisher,2016-09-27 05:26:26 UTC,,,,,
1573454,IssuesEvent,podlove_podlove-publisher,2016-12-09 08:55:01 UTC,,,,,
1583928,IssueCommentEvent,podlove_podlove-publisher,2016-10-15 18:10:24 UTC,,,,,
1588221,PushEvent,podlove_podlove-publisher,2016-03-26 07:12:32 UTC,,,,,
1596662,IssueCommentEvent,podlove_podlove-publisher,2016-09-19 00:46:29 UTC,,,,,
1598640,CreateEvent,podlove_podlove-publisher,2016-01-24 07:14:07 UTC,,,,,
1602814,IssueCommentEvent,podlove_podlove-publisher,2016-12-08 11:21:25 UTC,,,,,
1605080,ReleaseEvent,podlove_podlove-publisher,2016-04-19 16:37:23 UTC,,,,,
1607654,WatchEvent,podlove_podlove-publisher,2016-08-22 21:21:43 UTC,,,,,
1615393,IssueCommentEvent,podlove_podlove-publisher,2016-08-30 09:06:33 UTC,,,,,
1628103,IssueCommentEvent,podlove_podlove-publisher,2016-05-06 13:30:34 UTC,,,,,
1653194,IssueCommentEvent,podlove_podlove-publisher,2016-04-17 22:33:09 UTC,,,,,
1657472,PushEvent,podlove_podlove-publisher,2016-10-14 11:42:21 UTC,,,,,
1662501,IssueCommentEvent,podlove_podlove-publisher,2016-05-10 09:57:46 UTC,,,,,
1666818,PushEvent,podlove_podlove-publisher,2016-04-12 17:27:39 UTC,,,,,
1679448,PushEvent,podlove_podlove-publisher,2016-11-20 11:18:52 UTC,,,,,
1686654,DeleteEvent,podlove_podlove-publisher,2016-12-05 11:21:25 UTC,,,,,
1696243,IssuesEvent,podlove_podlove-publisher,2016-12-11 18:22:36 UTC,,,,,
1700330,IssueCommentEvent,podlove_podlove-publisher,2016-02-02 18:33:33 UTC,,,,,
1717578,PushEvent,podlove_podlove-publisher,2016-09-24 08:16:10 UTC,,,,,
1718358,DeleteEvent,podlove_podlove-publisher,2016-12-05 11:20:16 UTC,,,,,
1719504,IssueCommentEvent,podlove_podlove-publisher,2016-10-19 07:16:58 UTC,,,,,
1722586,IssueCommentEvent,podlove_podlove-publisher,2016-10-20 18:22:34 UTC,,,,,
1724636,GollumEvent,podlove_podlove-publisher,2016-10-25 21:03:41 UTC,,,,,
1749866,CreateEvent,podlove_podlove-publisher,2016-09-26 10:53:52 UTC,,,,,
1755420,PushEvent,podlove_podlove-publisher,2016-10-08 02:07:34 UTC,,,,,
1772212,ReleaseEvent,podlove_podlove-publisher,2016-12-05 10:49:42 UTC,,,,,
1775200,IssuesEvent,podlove_podlove-publisher,2016-12-06 13:29:40 UTC,,,,,
1776199,IssueCommentEvent,podlove_podlove-publisher,2016-10-10 07:59:15 UTC,,,,,
1778352,IssuesEvent,podlove_podlove-publisher,2016-01-15 02:05:55 UTC,,,,,
1799322,ForkEvent,podlove_podlove-publisher,2016-12-30 20:37:38 UTC,,,,,
1804704,IssueCommentEvent,podlove_podlove-publisher,2016-09-28 05:20:30 UTC,,,,,
1806853,IssuesEvent,podlove_podlove-publisher,2016-01-24 07:42:58 UTC,,,,,
1810959,IssueCommentEvent,podlove_podlove-publisher,2016-10-10 13:48:19 UTC,,,,,
1812912,DeleteEvent,podlove_podlove-publisher,2016-04-19 16:39:04 UTC,,,,,
1817127,IssueCommentEvent,podlove_podlove-publisher,2016-10-14 01:36:13 UTC,,,,,
1818384,PushEvent,podlove_podlove-publisher,2016-12-01 04:48:28 UTC,,,,,
1822238,CreateEvent,podlove_podlove-publisher,2016-09-18 15:15:14 UTC,,,,,
1822412,IssuesEvent,podlove_podlove-publisher,2016-02-04 18:53:31 UTC,,,,,
1831990,IssuesEvent,podlove_podlove-publisher,2016-08-21 04:53:50 UTC,,,,,
1838425,IssuesEvent,podlove_podlove-publisher,2016-04-14 22:48:34 UTC,,,,,
1841431,DeleteEvent,podlove_podlove-publisher,2016-09-10 06:10:15 UTC,,,,,
1857752,PullRequestEvent,podlove_podlove-publisher,2016-11-18 11:52:19 UTC,,,,,
1862924,PushEvent,podlove_podlove-publisher,2016-12-05 10:37:35 UTC,,,,,
1864820,IssueCommentEvent,podlove_podlove-publisher,2016-08-14 18:34:38 UTC,,,,,
1866828,DeleteEvent,podlove_podlove-publisher,2016-12-05 11:14:42 UTC,,,,,
1872992,DeleteEvent,podlove_podlove-publisher,2016-12-05 11:15:46 UTC,,,,,
1889595,IssueCommentEvent,podlove_podlove-publisher,2016-12-31 12:49:10 UTC,,,,,
1894854,IssuesEvent,podlove_podlove-publisher,2016-07-25 07:46:14 UTC,,,,,
1895828,IssueCommentEvent,podlove_podlove-publisher,2016-07-27 08:39:15 UTC,,,,,
1911471,IssueCommentEvent,podlove_podlove-publisher,2016-02-04 18:52:46 UTC,,,,,
1924193,IssueCommentEvent,podlove_podlove-publisher,2016-10-14 02:42:06 UTC,,,,,
1929562,IssuesEvent,podlove_podlove-publisher,2016-01-18 21:05:49 UTC,,,,,
1930560,IssueCommentEvent,podlove_podlove-publisher,2016-06-27 06:01:21 UTC,,,,,
1934920,PushEvent,podlove_podlove-publisher,2016-04-28 17:01:26 UTC,,,,,
1936835,IssueCommentEvent,podlove_podlove-publisher,2016-12-09 08:50:13 UTC,,,,,
1941964,DeleteEvent,podlove_podlove-publisher,2016-12-05 11:14:12 UTC,,,,,
1954652,IssuesEvent,podlove_podlove-publisher,2016-09-16 21:01:02 UTC,,,,,
1955699,IssueCommentEvent,podlove_podlove-publisher,2016-01-08 12:46:17 UTC,,,,,
1976714,CreateEvent,podlove_podlove-publisher,2016-01-08 00:39:44 UTC,,,,,
1976891,IssuesEvent,podlove_podlove-publisher,2016-02-16 23:09:55 UTC,,,,,
1980063,IssuesEvent,podlove_podlove-publisher,2016-01-19 08:46:58 UTC,,,,,
1986395,ReleaseEvent,podlove_podlove-publisher,2016-09-26 10:48:26 UTC,,,,,
1993587,IssueCommentEvent,podlove_podlove-publisher,2016-08-15 04:11:33 UTC,,,,,
1995564,CreateEvent,podlove_podlove-publisher,2016-02-27 08:14:11 UTC,,,,,
1995602,DeleteEvent,podlove_podlove-publisher,2016-12-05 11:16:09 UTC,,,,,
2008378,ReleaseEvent,podlove_podlove-publisher,2016-09-18 15:15:37 UTC,,,,,
2025032,IssueCommentEvent,podlove_podlove-publisher,2016-10-05 10:04:40 UTC,,,,,
2025033,IssueCommentEvent,podlove_podlove-publisher,2016-05-06 13:19:18 UTC,,,,,
2052119,DeleteEvent,podlove_podlove-publisher,2016-01-24 07:13:21 UTC,,,,,
2052260,IssuesEvent,podlove_podlove-publisher,2016-02-03 02:08:44 UTC,,,,,
2069986,ForkEvent,podlove_podlove-publisher,2016-02-21 21:08:27 UTC,,,,,
2071102,DeleteEvent,podlove_podlove-publisher,2016-04-19 17:35:40 UTC,,,,,
2077304,DeleteEvent,podlove_podlove-publisher,2016-09-26 10:52:07 UTC,,,,,
2078465,IssueCommentEvent,podlove_podlove-publisher,2016-11-18 14:12:04 UTC,,,,,
2078466,IssueCommentEvent,podlove_podlove-publisher,2016-07-31 05:17:08 UTC,,,,,
2080630,IssuesEvent,podlove_podlove-publisher,2016-01-09 05:24:37 UTC,,,,,
2081613,IssueCommentEvent,podlove_podlove-publisher,2016-09-03 02:14:08 UTC,,,,,
2082875,PushEvent,podlove_podlove-publisher,2016-09-10 06:00:51 UTC,,,,,
2090160,IssuesEvent,podlove_podlove-publisher,2016-08-14 10:44:33 UTC,,,,,
2101876,PushEvent,podlove_podlove-publisher,2016-02-29 03:46:01 UTC,,,,,
2102811,IssuesEvent,podlove_podlove-publisher,2016-04-16 15:25:29 UTC,,,,,
2102812,IssuesEvent,podlove_podlove-publisher,2016-08-14 10:44:33 UTC,,,,,
2107002,IssueCommentEvent,podlove_podlove-publisher,2016-04-15 06:48:38 UTC,,,,,
2119580,IssueCommentEvent,podlove_podlove-publisher,2016-02-03 02:59:16 UTC,,,,,
2127262,PushEvent,podlove_podlove-publisher,2016-09-16 04:11:02 UTC,,,,,
2136800,PushEvent,podlove_podlove-publisher,2016-12-03 10:45:58 UTC,,,,,
2140961,IssuesEvent,podlove_podlove-publisher,2016-11-24 04:35:22 UTC,,,,,
2153562,CreateEvent,podlove_podlove-publisher,2016-09-10 09:09:15 UTC,,,,,
2155598,ForkEvent,podlove_podlove-publisher,2016-07-24 22:45:30 UTC,,,,,
2156703,DeleteEvent,podlove_podlove-publisher,2016-12-05 11:18:01 UTC,,,,,
2163219,IssuesEvent,podlove_podlove-publisher,2016-10-04 13:16:14 UTC,,,,,
2174867,PushEvent,podlove_podlove-publisher,2016-05-01 10:55:39 UTC,,,,,
2179045,IssuesEvent,podlove_podlove-publisher,2016-01-08 09:23:36 UTC,,,,,
2186424,IssueCommentEvent,podlove_podlove-publisher,2016-01-17 02:51:32 UTC,,,,,
2214738,IssueCommentEvent,podlove_podlove-publisher,2016-04-12 15:05:14 UTC,,,,,
2222366,PushEvent,podlove_podlove-publisher,2016-10-14 02:34:31 UTC,,,,,
2235812,IssuesEvent,podlove_podlove-publisher,2016-10-14 02:41:05 UTC,,,,,
2250628,PushEvent,podlove_podlove-publisher,2016-11-08 08:11:19 UTC,,,,,
2256955,PushEvent,podlove_podlove-publisher,2016-11-01 14:08:23 UTC,,,,,
2261714,IssueCommentEvent,podlove_podlove-publisher,2016-01-24 07:42:58 UTC,,,,,
2262950,PushEvent,podlove_podlove-publisher,2016-11-28 09:01:32 UTC,,,,,
2270377,IssuesEvent,podlove_podlove-publisher,2016-12-10 04:05:21 UTC,,,,,
2277661,IssueCommentEvent,podlove_podlove-publisher,2016-12-11 11:48:17 UTC,,,,,
2293584,IssueCommentEvent,podlove_podlove-publisher,2016-08-11 17:08:01 UTC,,,,,
2295240,WatchEvent,podlove_podlove-publisher,2016-06-26 14:12:35 UTC,,,,,
2297935,PushEvent,podlove_podlove-publisher,2016-10-08 08:08:03 UTC,,,,,
2301110,PushEvent,podlove_podlove-publisher,2016-10-24 03:43:28 UTC,,,,,
2301613,WatchEvent,podlove_podlove-publisher,2016-04-14 08:00:21 UTC,,,,,
2325130,IssueCommentEvent,podlove_podlove-publisher,2016-05-21 07:02:55 UTC,,,,,
2328270,IssueCommentEvent,podlove_podlove-publisher,2016-12-11 01:58:24 UTC,,,,,
2330533,IssuesEvent,podlove_podlove-publisher,2016-11-24 03:57:45 UTC,,,,,
2337886,IssueCommentEvent,podlove_podlove-publisher,2016-07-27 19:30:13 UTC,,,,,
2337887,IssueCommentEvent,podlove_podlove-publisher,2016-01-08 09:21:28 UTC,,,,,
2345354,PushEvent,podlove_podlove-publisher,2016-10-14 12:00:36 UTC,,,,,
2361906,IssuesEvent,podlove_podlove-publisher,2016-05-20 23:27:41 UTC,,,,,
2365994,IssueCommentEvent,podlove_podlove-publisher,2016-12-07 15:31:48 UTC,,,,,
2371315,IssuesEvent,podlove_podlove-publisher,2016-01-10 21:19:37 UTC,,,,,
2378569,IssueCommentEvent,podlove_podlove-publisher,2016-02-09 11:44:39 UTC,,,,,
2379769,PushEvent,podlove_podlove-publisher,2016-09-10 08:48:38 UTC,,,,,
2382943,PushEvent,podlove_podlove-publisher,2016-10-13 10:15:58 UTC,,,,,
2388010,IssueCommentEvent,podlove_podlove-publisher,2016-07-25 01:32:16 UTC,,,,,
2399406,CreateEvent,podlove_podlove-publisher,2016-02-16 08:15:43 UTC,,,,,
2405950,IssuesEvent,podlove_podlove-publisher,2016-07-22 22:44:23 UTC,,,,,
2419632,IssueCommentEvent,podlove_podlove-publisher,2016-12-06 18:45:56 UTC,,,,,
2427160,PushEvent,podlove_podlove-publisher,2016-09-10 11:22:04 UTC,,,,,
2437536,IssuesEvent,podlove_podlove-publisher,2016-12-22 03:05:39 UTC,,,,,
2438478,IssueCommentEvent,podlove_podlove-publisher,2016-05-06 08:29:46 UTC,,,,,
2446042,PushEvent,podlove_podlove-publisher,2016-11-16 02:20:43 UTC,,,,,
2446975,IssuesEvent,podlove_podlove-publisher,2016-05-06 13:29:49 UTC,,,,,
2447960,IssueCommentEvent,podlove_podlove-publisher,2016-03-28 09:27:54 UTC,,,,,
2453354,IssuesEvent,podlove_podlove-publisher,2016-10-17 14:51:50 UTC,,,,,
2453355,IssuesEvent,podlove_podlove-publisher,2016-12-08 11:21:25 UTC,,,,,
2481470,IssuesEvent,podlove_podlove-publisher,2016-10-09 17:34:37 UTC,,,,,
2485570,IssueCommentEvent,podlove_podlove-publisher,2016-05-21 14:33:39 UTC,,,,,
2498371,IssueCommentEvent,podlove_podlove-publisher,2016-06-17 19:44:38 UTC,,,,,
2498372,IssueCommentEvent,podlove_podlove-publisher,2016-03-14 06:37:28 UTC,,,,,
2501525,IssueCommentEvent,podlove_podlove-publisher,2016-12-07 07:35:39 UTC,,,,,
2514229,IssueCommentEvent,podlove_podlove-publisher,2016-10-18 01:32:55 UTC,,,,,
2519694,IssuesEvent,podlove_podlove-publisher,2016-11-30 19:28:42 UTC,,,,,
2532396,CreateEvent,podlove_podlove-publisher,2016-08-05 13:31:15 UTC,,,,,
2535752,IssuesEvent,podlove_podlove-publisher,2016-01-10 14:23:59 UTC,,,,,
2536721,IssueCommentEvent,podlove_podlove-publisher,2016-12-15 09:24:41 UTC,,,,,
2538927,IssuesEvent,podlove_podlove-publisher,2016-05-03 22:58:27 UTC,,,,,
2542069,IssuesEvent,podlove_podlove-publisher,2016-05-07 18:51:49 UTC,,,,,
2549340,IssueCommentEvent,podlove_podlove-publisher,2016-12-11 18:22:36 UTC,,,,,
2549341,IssueCommentEvent,podlove_podlove-publisher,2016-08-08 03:31:29 UTC,,,,,
2551478,IssuesEvent,podlove_podlove-publisher,2016-03-27 22:18:03 UTC,,,,,
2553719,PushEvent,podlove_podlove-publisher,2016-03-25 15:16:24 UTC,,,,,
2557922,IssuesEvent,podlove_podlove-publisher,2016-12-05 14:32:12 UTC,,,,,
2558888,IssueCommentEvent,podlove_podlove-publisher,2016-01-19 16:38:01 UTC,,,,,
2565177,IssueCommentEvent,podlove_podlove-publisher,2016-10-15 18:09:05 UTC,,,,,
2570273,DeleteEvent,podlove_podlove-publisher,2016-01-08 02:07:20 UTC,,,,,
2574628,IssueCommentEvent,podlove_podlove-publisher,2016-02-04 18:53:31 UTC,,,,,
2580843,IssueCommentEvent,podlove_podlove-publisher,2016-05-03 21:30:47 UTC,,,,,
2589615,PullRequestEvent,podlove_podlove-publisher,2016-11-18 13:35:00 UTC,,,,,
2594745,PushEvent,podlove_podlove-publisher,2016-04-19 17:28:48 UTC,,,,,
2598750,IssuesEvent,podlove_podlove-publisher,2016-09-18 23:28:41 UTC,,,,,
2604998,DeleteEvent,podlove_podlove-publisher,2016-12-05 11:17:55 UTC,,,,,
2606128,IssueCommentEvent,podlove_podlove-publisher,2016-09-27 10:40:03 UTC,,,,,
2608339,IssuesEvent,podlove_podlove-publisher,2016-01-21 14:11:26 UTC,,,,,
2621830,IssueCommentEvent,podlove_podlove-publisher,2016-06-17 18:06:42 UTC,,,,,
2624999,IssueCommentEvent,podlove_podlove-publisher,2016-06-30 01:22:32 UTC,,,,,
2630268,IssuesEvent,podlove_podlove-publisher,2016-06-30 01:22:56 UTC,,,,,
2632535,PushEvent,podlove_podlove-publisher,2016-02-13 05:02:56 UTC,,,,,
2642875,CreateEvent,podlove_podlove-publisher,2016-09-16 04:11:29 UTC,,,,,
2644088,IssueCommentEvent,podlove_podlove-publisher,2016-01-19 16:42:12 UTC,,,,,
2646125,DeleteEvent,podlove_podlove-publisher,2016-12-05 11:16:32 UTC,,,,,
2648457,PushEvent,podlove_podlove-publisher,2016-04-28 21:01:57 UTC,,,,,
2648458,PushEvent,podlove_podlove-publisher,2016-09-10 06:00:51 UTC,,,,,
2655557,DeleteEvent,podlove_podlove-publisher,2016-12-05 11:15:29 UTC,,,,,
2656691,IssueCommentEvent,podlove_podlove-publisher,2016-08-11 11:46:43 UTC,,,,,
2656692,IssueCommentEvent,podlove_podlove-publisher,2016-05-06 12:57:20 UTC,,,,,
2668187,DeleteEvent,podlove_podlove-publisher,2016-05-04 07:30:56 UTC,,,,,
2680838,IssuesEvent,podlove_podlove-publisher,2016-02-27 08:08:23 UTC,,,,,
2683061,PushEvent,podlove_podlove-publisher,2016-09-24 08:08:03 UTC,,,,,
2688127,IssueCommentEvent,podlove_podlove-publisher,2016-10-05 05:52:33 UTC,,,,,
2688128,IssueCommentEvent,podlove_podlove-publisher,2016-10-14 02:43:02 UTC,,,,,
2692151,ForkEvent,podlove_podlove-publisher,2016-04-11 19:35:20 UTC,,,,,
2692446,PushEvent,podlove_podlove-publisher,2016-10-11 08:51:42 UTC,,,,,
2699099,WatchEvent,podlove_podlove-publisher,2016-01-23 22:59:23 UTC,,,,,
2699405,CreateEvent,podlove_podlove-publisher,2016-08-14 10:45:37 UTC,,,,,
2706256,PullRequestEvent,podlove_podlove-publisher,2016-08-23 19:23:10 UTC,,,,,
2716449,IssueCommentEvent,podlove_podlove-publisher,2016-11-19 18:00:09 UTC,,,,,
2721944,ReleaseEvent,podlove_podlove-publisher,2016-02-27 08:10:11 UTC,,,,,
2724067,PushEvent,podlove_podlove-publisher,2016-02-27 08:14:48 UTC,,,,,
2740297,WatchEvent,podlove_podlove-publisher,2016-09-28 03:08:42 UTC,,,,,
2747976,IssueCommentEvent,podlove_podlove-publisher,2016-01-24 07:46:46 UTC,,,,,
2761649,PushEvent,podlove_podlove-publisher,2016-11-28 07:25:03 UTC,,,,,
2773001,IssueCommentEvent,podlove_podlove-publisher,2016-12-11 10:51:01 UTC,,,,,
2788736,IssueCommentEvent,podlove_podlove-publisher,2016-12-16 12:07:37 UTC,,,,,
2806535,CreateEvent,podlove_podlove-publisher,2016-09-10 08:57:14 UTC,,,,,
2807697,IssueCommentEvent,podlove_podlove-publisher,2016-12-10 04:05:21 UTC,,,,,
2807698,IssueCommentEvent,podlove_podlove-publisher,2016-08-11 11:20:48 UTC,,,,,
2808969,PushEvent,podlove_podlove-publisher,2016-08-14 10:36:26 UTC,,,,,
2823528,IssueCommentEvent,podlove_podlove-publisher,2016-05-06 13:11:03 UTC,,,,,
2829881,IssueCommentEvent,podlove_podlove-publisher,2016-01-14 17:34:41 UTC,,,,,
2836986,ForkEvent,podlove_podlove-publisher,2016-01-14 06:05:15 UTC,,,,,
2841358,IssuesEvent,podlove_podlove-publisher,2016-01-09 05:41:35 UTC,,,,,
2849824,PushEvent,podlove_podlove-publisher,2016-11-11 06:49:01 UTC,,,,,
2851770,IssueCommentEvent,podlove_podlove-publisher,2016-08-09 12:48:09 UTC,,,,,
2859320,PushEvent,podlove_podlove-publisher,2016-09-16 04:24:20 UTC,,,,,
2860324,IssuesEvent,podlove_podlove-publisher,2016-09-10 06:00:52 UTC,,,,,
2876237,IssuesEvent,podlove_podlove-publisher,2016-10-14 02:48:47 UTC,,,,,
2877191,IssueCommentEvent,podlove_podlove-publisher,2016-01-17 15:59:28 UTC,,,,,
2891799,IssuesEvent,podlove_podlove-publisher,2016-10-13 20:29:37 UTC,,,,,
2892740,IssueCommentEvent,podlove_podlove-publisher,2016-04-14 22:38:54 UTC,,,,,
2899043,IssueCommentEvent,podlove_podlove-publisher,2016-08-23 18:21:31 UTC,,,,,
2899044,IssueCommentEvent,podlove_podlove-publisher,2016-10-19 01:45:54 UTC,,,,,
2906605,PushEvent,podlove_podlove-publisher,2016-09-24 08:22:25 UTC,,,,,
2908606,IssueCommentEvent,podlove_podlove-publisher,2016-09-12 12:17:29 UTC,,,,,
2909796,PushEvent,podlove_podlove-publisher,2016-11-24 03:57:56 UTC,,,,,
2919092,PushEvent,podlove_podlove-publisher,2016-12-08 04:24:11 UTC,,,,,
2920328,PullRequestEvent,podlove_podlove-publisher,2016-12-31 08:57:40 UTC,,,,,
2926241,DeleteEvent,podlove_podlove-publisher,2016-12-05 11:18:28 UTC,,,,,
2927385,IssueCommentEvent,podlove_podlove-publisher,2016-02-04 08:23:00 UTC,,,,,
2927386,IssueCommentEvent,podlove_podlove-publisher,2016-12-11 11:56:13 UTC,,,,,
2930594,IssueCommentEvent,podlove_podlove-publisher,2016-10-14 02:34:43 UTC,,,,,
2936024,ReleaseEvent,podlove_podlove-publisher,2016-09-16 04:12:57 UTC,,,,,
2946321,IssueCommentEvent,podlove_podlove-publisher,2016-10-10 02:38:23 UTC,,,,,
2947528,PushEvent,podlove_podlove-publisher,2016-05-09 07:14:21 UTC,,,,,
2947529,PushEvent,podlove_podlove-publisher,2016-02-03 02:19:05 UTC,,,,,
2953764,PushEvent,podlove_podlove-publisher,2016-08-14 10:44:34 UTC,,,,,
2961986,IssueCommentEvent,podlove_podlove-publisher,2016-02-09 06:49:00 UTC,,,,,
2963219,PushEvent,podlove_podlove-publisher,2016-09-10 06:41:04 UTC,,,,,
2973730,IssuesEvent,podlove_podlove-publisher,2016-02-27 08:08:23 UTC,,,,,
2977737,IssueCommentEvent,podlove_podlove-publisher,2016-01-21 14:38:33 UTC,,,,,
2987131,IssueCommentEvent,podlove_podlove-publisher,2016-08-24 05:52:58 UTC,,,,,
2988096,ForkEvent,podlove_podlove-publisher,2016-04-29 03:06:22 UTC,,,,,
2988097,ForkEvent,podlove_podlove-publisher,2016-01-17 21:09:46 UTC,,,,,
2989384,IssuesEvent,podlove_podlove-publisher,2016-05-12 21:37:52 UTC,,,,,
2996555,IssueCommentEvent,podlove_podlove-publisher,2016-12-05 17:03:39 UTC,,,,,
3001923,IssuesEvent,podlove_podlove-publisher,2016-03-18 07:16:55 UTC,,,,,
3002895,IssueCommentEvent,podlove_podlove-publisher,2016-04-12 13:47:13 UTC,,,,,
3005134,IssuesEvent,podlove_podlove-publisher,2016-02-02 18:33:33 UTC,,,,,
3006116,IssueCommentEvent,podlove_podlove-publisher,2016-10-15 17:22:34 UTC,,,,,
3011494,IssuesEvent,podlove_podlove-publisher,2016-10-14 02:53:04 UTC,,,,,
3013677,PushEvent,podlove_podlove-publisher,2016-10-22 06:48:37 UTC,,,,,
3013678,PushEvent,podlove_podlove-publisher,2016-10-20 09:15:46 UTC,,,,,
3016833,PushEvent,podlove_podlove-publisher,2016-08-03 05:09:43 UTC,,,,,
3053381,IssueCommentEvent,podlove_podlove-publisher,2016-02-09 04:55:47 UTC,,,,,
3064918,IssuesEvent,podlove_podlove-publisher,2016-11-19 11:34:37 UTC,,,,,
3067139,PushEvent,podlove_podlove-publisher,2016-11-04 11:23:10 UTC,,,,,
3068089,IssuesEvent,podlove_podlove-publisher,2016-01-08 14:45:39 UTC,,,,,
3087006,IssuesEvent,podlove_podlove-publisher,2016-01-08 09:22:27 UTC,,,,,
3098661,PushEvent,podlove_podlove-publisher,2016-05-06 13:18:53 UTC,,,,,
3117440,PushEvent,podlove_podlove-publisher,2016-02-29 05:24:10 UTC,,,,,
3128888,IssueCommentEvent,podlove_podlove-publisher,2016-12-06 18:42:12 UTC,,,,,
3131088,IssuesEvent,podlove_podlove-publisher,2016-08-22 11:02:54 UTC,,,,,
3139531,PushEvent,podlove_podlove-publisher,2016-11-06 09:00:25 UTC,,,,,
3143765,ReleaseEvent,podlove_podlove-publisher,2016-04-19 17:34:59 UTC,,,,,
3147786,IssueCommentEvent,podlove_podlove-publisher,2016-11-18 14:03:29 UTC,,,,,
3149016,PushEvent,podlove_podlove-publisher,2016-09-10 12:06:00 UTC,,,,,
3150943,IssueCommentEvent,podlove_podlove-publisher,2016-09-12 12:19:37 UTC,,,,,
3160378,IssueCommentEvent,podlove_podlove-publisher,2016-01-10 21:19:37 UTC,,,,,
3169787,IssueCommentEvent,podlove_podlove-publisher,2016-11-19 17:18:25 UTC,,,,,
3174214,PushEvent,podlove_podlove-publisher,2016-11-24 03:22:28 UTC,,,,,
3187615,IssuesEvent,podlove_podlove-publisher,2016-05-09 07:15:09 UTC,,,,,
3190611,IssuesEvent,podlove_podlove-publisher,2016-07-30 19:01:08 UTC,,,,,
3216879,IssueCommentEvent,podlove_podlove-publisher,2016-01-09 05:24:37 UTC,,,,,
3217608,PullRequestReviewCommentEvent,podlove_podlove-publisher,2016-09-10 12:04:56 UTC,,,,,
3222210,GollumEvent,podlove_podlove-publisher,2016-06-13 09:47:23 UTC,,,,,
3226431,IssueCommentEvent,podlove_podlove-publisher,2016-08-11 13:49:04 UTC,,,,,
3228195,WatchEvent,podlove_podlove-publisher,2016-01-14 06:05:13 UTC,,,,,
3231695,IssuesEvent,podlove_podlove-publisher,2016-12-10 19:16:10 UTC,,,,,
3238090,IssuesEvent,podlove_podlove-publisher,2016-11-14 12:31:59 UTC,,,,,
3238091,IssuesEvent,podlove_podlove-publisher,2016-08-07 21:39:55 UTC,,,,,
3238092,IssuesEvent,podlove_podlove-publisher,2016-03-13 15:24:39 UTC,,,,,
3255941,PushEvent,podlove_podlove-publisher,2016-02-16 08:36:47 UTC,,,,,
3256455,WatchEvent,podlove_podlove-publisher,2016-04-19 04:04:59 UTC,,,,,
3272704,IssuesEvent,podlove_podlove-publisher,2016-01-17 15:06:38 UTC,,,,,
3311383,IssueCommentEvent,podlove_podlove-publisher,2016-12-08 04:04:42 UTC,,,,,
3312550,PushEvent,podlove_podlove-publisher,2016-05-08 09:04:45 UTC,,,,,
3312551,PushEvent,podlove_podlove-publisher,2016-11-11 07:43:13 UTC,,,,,
3316555,CreateEvent,podlove_podlove-publisher,2016-02-29 03:48:37 UTC,,,,,
3321736,ForkEvent,podlove_podlove-publisher,2016-10-18 08:21:18 UTC,,,,,
3353061,ForkEvent,podlove_podlove-publisher,2016-11-18 11:47:34 UTC,,,,,
3357440,IssuesEvent,podlove_podlove-publisher,2016-08-14 10:44:33 UTC,,,,,
3360180,WatchEvent,podlove_podlove-publisher,2016-07-03 20:07:55 UTC,,,,,
3369182,PushEvent,podlove_podlove-publisher,2016-04-06 12:22:08 UTC,,,,,
3369183,PushEvent,podlove_podlove-publisher,2016-10-15 06:32:47 UTC,,,,,
3377398,IssueCommentEvent,podlove_podlove-publisher,2016-01-08 09:23:36 UTC,,,,,
3383622,IssueCommentEvent,podlove_podlove-publisher,2016-11-27 10:44:42 UTC,,,,,
3385655,DeleteEvent,podlove_podlove-publisher,2016-12-05 11:13:41 UTC,,,,,
3386799,IssueCommentEvent,podlove_podlove-publisher,2016-11-14 12:37:33 UTC,,,,,
3387997,PushEvent,podlove_podlove-publisher,2016-10-15 08:29:57 UTC,,,,,
3396218,IssueCommentEvent,podlove_podlove-publisher,2016-05-06 13:25:24 UTC,,,,,
3406846,PushEvent,podlove_podlove-publisher,2016-09-01 05:35:16 UTC,,,,,
3432953,IssuesEvent,podlove_podlove-publisher,2016-07-21 08:59:03 UTC,,,,,
3443462,IssueCommentEvent,podlove_podlove-publisher,2016-08-24 11:35:08 UTC,,,,,
3445403,CreateEvent,podlove_podlove-publisher,2016-04-19 16:36:16 UTC,,,,,
3446570,IssueCommentEvent,podlove_podlove-publisher,2016-09-28 05:40:39 UTC,,,,,
3446571,IssueCommentEvent,podlove_podlove-publisher,2016-10-24 11:12:44 UTC,,,,,
3461821,PullRequestEvent,podlove_podlove-publisher,2016-12-16 10:33:43 UTC,,,,,
3481584,IssueCommentEvent,podlove_podlove-publisher,2016-08-11 15:29:24 UTC,,,,,
3487940,IssueCommentEvent,podlove_podlove-publisher,2016-12-31 13:05:09 UTC,,,,,
3495331,PushEvent,podlove_podlove-publisher,2016-02-18 13:44:29 UTC,,,,,
3499442,IssuesEvent,podlove_podlove-publisher,2016-01-24 07:46:46 UTC,,,,,
3505806,IssuesEvent,podlove_podlove-publisher,2016-08-24 06:01:54 UTC,,,,,
3515107,DeleteEvent,podlove_podlove-publisher,2016-12-05 11:19:02 UTC,,,,,
3520652,PushEvent,podlove_podlove-publisher,2016-09-26 10:46:10 UTC,,,,,
3524724,IssuesEvent,podlove_podlove-publisher,2016-02-04 19:45:10 UTC,,,,,
3526946,PushEvent,podlove_podlove-publisher,2016-08-14 10:44:34 UTC,,,,,
3540466,IssuesEvent,podlove_podlove-publisher,2016-12-09 09:52:26 UTC,,,,,
3545509,ForkEvent,podlove_podlove-publisher,2016-08-23 19:17:20 UTC,,,,,
3546865,IssuesEvent,podlove_podlove-publisher,2016-09-28 02:55:37 UTC,,,,,
3547851,IssueCommentEvent,podlove_podlove-publisher,2016-01-24 07:45:56 UTC,,,,,
3550964,IssueCommentEvent,podlove_podlove-publisher,2016-05-06 12:23:20 UTC,,,,,
3564645,PushEvent,podlove_podlove-publisher,2016-10-08 01:59:17 UTC,,,,,
3570898,PushEvent,podlove_podlove-publisher,2016-02-16 08:36:06 UTC,,,,,
3573993,PushEvent,podlove_podlove-publisher,2016-03-20 05:16:11 UTC,,,,,
3574983,IssuesEvent,podlove_podlove-publisher,2016-10-05 10:04:40 UTC,,,,,
3578334,PullRequestEvent,podlove_podlove-publisher,2016-02-13 05:02:55 UTC,,,,,
3584453,IssuesEvent,podlove_podlove-publisher,2016-05-13 17:13:18 UTC,,,,,
3585427,IssueCommentEvent,podlove_podlove-publisher,2016-05-09 20:58:43 UTC,,,,,
3598062,IssueCommentEvent,podlove_podlove-publisher,2016-05-04 15:20:05 UTC,,,,,
3607463,IssueCommentEvent,podlove_podlove-publisher,2016-12-05 16:33:21 UTC,,,,,
3613636,IssueCommentEvent,podlove_podlove-publisher,2016-08-24 12:43:14 UTC,,,,,
3618988,IssuesEvent,podlove_podlove-publisher,2016-06-29 19:35:31 UTC,,,,,
3626167,IssueCommentEvent,podlove_podlove-publisher,2016-10-05 10:04:17 UTC,,,,,
3641186,PullRequestEvent,podlove_podlove-publisher,2016-01-08 07:54:32 UTC,,,,,
3649528,PushEvent,podlove_podlove-publisher,2016-01-08 00:38:34 UTC,,,,,
3654666,IssueCommentEvent,podlove_podlove-publisher,2016-07-27 08:03:21 UTC,,,,,
3677993,PushEvent,podlove_podlove-publisher,2016-07-25 01:24:51 UTC,,,,,
3680029,IssueCommentEvent,podlove_podlove-publisher,2016-08-23 17:57:04 UTC,,,,,
3691706,IssuesEvent,podlove_podlove-publisher,2016-12-09 15:47:35 UTC,,,,,
3697020,PushEvent,podlove_podlove-publisher,2016-01-08 00:38:34 UTC,,,,,
3715969,PushEvent,podlove_podlove-publisher,2016-11-25 09:00:11 UTC,,,,,
3717851,IssueCommentEvent,podlove_podlove-publisher,2016-01-24 07:16:12 UTC,,,,,
3722812,WatchEvent,podlove_podlove-publisher,2016-06-13 22:28:24 UTC,,,,,
3724262,IssueCommentEvent,podlove_podlove-publisher,2016-10-14 02:48:47 UTC,,,,,
3738154,PushEvent,podlove_podlove-publisher,2016-10-23 01:52:13 UTC,,,,,
3748353,CreateEvent,podlove_podlove-publisher,2016-04-19 17:30:14 UTC,,,,,
3764390,IssuesEvent,podlove_podlove-publisher,2016-05-04 15:39:26 UTC,,,,,
3800155,IssueCommentEvent,podlove_podlove-publisher,2016-12-09 16:27:55 UTC,,,,,
3805482,IssuesEvent,podlove_podlove-publisher,2016-10-14 02:43:02 UTC,,,,,
3823630,PushEvent,podlove_podlove-publisher,2016-12-01 03:27:23 UTC,,,,,
3828667,IssueCommentEvent,podlove_podlove-publisher,2016-07-26 15:54:00 UTC,,,,,
3829842,PushEvent,podlove_podlove-publisher,2016-11-28 08:16:48 UTC,,,,,
3832963,PushEvent,podlove_podlove-publisher,2016-09-10 06:00:52 UTC,,,,,
3833902,IssuesEvent,podlove_podlove-publisher,2016-01-24 07:46:10 UTC,,,,,
3840110,DeleteEvent,podlove_podlove-publisher,2016-12-05 11:15:53 UTC,,,,,
3842107,ForkEvent,podlove_podlove-publisher,2016-11-13 11:18:56 UTC,,,,,
3847423,IssueCommentEvent,podlove_podlove-publisher,2016-01-08 14:55:52 UTC,,,,,
3848629,PushEvent,podlove_podlove-publisher,2016-04-19 16:35:52 UTC,,,,,
3852585,IssuesEvent,podlove_podlove-publisher,2016-09-18 08:44:08 UTC,,,,,
3864294,PushEvent,podlove_podlove-publisher,2016-12-01 04:09:59 UTC,,,,,
3874743,DeleteEvent,podlove_podlove-publisher,2016-12-05 11:16:03 UTC,,,,,
3874885,IssuesEvent,podlove_podlove-publisher,2016-09-27 10:19:41 UTC,,,,,
3877992,IssuesEvent,podlove_podlove-publisher,2016-11-26 19:30:43 UTC,,,,,
3881045,DeleteEvent,podlove_podlove-publisher,2016-12-05 11:13:51 UTC,,,,,
3904137,IssueCommentEvent,podlove_podlove-publisher,2016-11-18 14:07:03 UTC,,,,,
3905042,ForkEvent,podlove_podlove-publisher,2016-11-18 12:46:16 UTC,,,,,
3908428,PushEvent,podlove_podlove-publisher,2016-05-06 13:10:23 UTC,,,,,
3910259,IssueCommentEvent,podlove_podlove-publisher,2016-01-20 04:16:43 UTC,,,,,
3917675,PushEvent,podlove_podlove-publisher,2016-09-19 00:46:20 UTC,,,,,
3920843,PushEvent,podlove_podlove-publisher,2016-02-27 08:08:24 UTC,,,,,
3921623,DeleteEvent,podlove_podlove-publisher,2016-12-05 11:18:07 UTC,,,,,
3927187,PushEvent,podlove_podlove-publisher,2016-12-01 09:06:55 UTC,,,,,
3927188,PushEvent,podlove_podlove-publisher,2016-12-25 11:16:37 UTC,,,,,
3934557,IssuesEvent,podlove_podlove-publisher,2016-06-29 19:30:57 UTC,,,,,
3935549,IssueCommentEvent,podlove_podlove-publisher,2016-09-18 15:40:01 UTC,,,,,
3946411,PushEvent,podlove_podlove-publisher,2016-04-19 19:33:33 UTC,,,,,
3959150,PushEvent,podlove_podlove-publisher,2016-11-03 07:54:43 UTC,,,,,
3961094,IssueCommentEvent,podlove_podlove-publisher,2016-09-26 11:31:43 UTC,,,,,
3964430,IssueCommentEvent,podlove_podlove-publisher,2016-01-17 03:41:34 UTC,,,,,
3975826,DeleteEvent,podlove_podlove-publisher,2016-02-29 03:47:50 UTC,,,,,
3979102,IssuesEvent,podlove_podlove-publisher,2016-02-27 08:08:23 UTC,,,,,
3991858,IssuesEvent,podlove_podlove-publisher,2016-11-19 11:32:37 UTC,,,,,
3992805,IssueCommentEvent,podlove_podlove-publisher,2016-05-09 20:53:41 UTC,,,,,
4004355,IssuesEvent,podlove_podlove-publisher,2016-06-30 00:04:02 UTC,,,,,
4013365,WatchEvent,podlove_podlove-publisher,2016-12-17 05:27:03 UTC,,,,,
4013706,DeleteEvent,podlove_podlove-publisher,2016-12-05 11:19:43 UTC,,,,,
4014837,IssueCommentEvent,podlove_podlove-publisher,2016-12-14 19:08:30 UTC,,,,,
4023081,DeleteEvent,podlove_podlove-publisher,2016-12-05 11:15:14 UTC,,,,,
4029310,CreateEvent,podlove_podlove-publisher,2016-04-19 17:36:13 UTC,,,,,
4041080,PushEvent,podlove_podlove-publisher,2016-01-08 00:38:36 UTC,,,,,
4049402,IssueCommentEvent,podlove_podlove-publisher,2016-02-02 17:01:44 UTC,,,,,
4052550,IssueCommentEvent,podlove_podlove-publisher,2016-08-24 06:03:29 UTC,,,,,
4052551,IssueCommentEvent,podlove_podlove-publisher,2016-01-15 03:48:44 UTC,,,,,
4052552,IssueCommentEvent,podlove_podlove-publisher,2016-09-18 10:54:50 UTC,,,,,
4055727,IssueCommentEvent,podlove_podlove-publisher,2016-09-28 05:33:12 UTC,,,,,
4058920,IssueCommentEvent,podlove_podlove-publisher,2016-06-27 20:50:03 UTC,,,,,
4070501,IssuesEvent,podlove_podlove-publisher,2016-12-09 08:50:20 UTC,,,,,
4080874,IssueCommentEvent,podlove_podlove-publisher,2016-01-08 14:47:33 UTC,,,,,
4089319,IssuesEvent,podlove_podlove-publisher,2016-08-15 04:11:33 UTC,,,,,
4089625,PullRequestEvent,podlove_podlove-publisher,2016-01-24 07:13:22 UTC,,,,,
4114413,DeleteEvent,podlove_podlove-publisher,2016-12-05 11:16:39 UTC,,,,,
4118678,IssueCommentEvent,podlove_podlove-publisher,2016-10-10 15:20:14 UTC,,,,,
4124842,IssueCommentEvent,podlove_podlove-publisher,2016-10-14 02:45:01 UTC,,,,,
4127946,IssueCommentEvent,podlove_podlove-publisher,2016-10-14 02:41:04 UTC,,,,,
4145884,DeleteEvent,podlove_podlove-publisher,2016-12-05 11:02:46 UTC,,,,,
4146989,IssueCommentEvent,podlove_podlove-publisher,2016-10-24 11:27:31 UTC,,,,,
4146990,IssueCommentEvent,podlove_podlove-publisher,2016-11-19 11:34:34 UTC,,,,,
4148177,PushEvent,podlove_podlove-publisher,2017-01-01 05:45:47 UTC,,,,,
4152321,IssuesEvent,podlove_podlove-publisher,2016-01-21 16:52:40 UTC,,,,,
4158650,IssuesEvent,podlove_podlove-publisher,2016-05-04 18:00:21 UTC,,,,,
3332,ReleaseEvent,podlove_podlove-publisher,2017-12-11 11:01:42 UTC,,,,,
6640,ReleaseEvent,podlove_podlove-publisher,2017-03-16 06:27:53 UTC,,,,,
9860,ReleaseEvent,podlove_podlove-publisher,2017-06-26 20:18:33 UTC,,,,,
9998,ReleaseEvent,podlove_podlove-publisher,2017-02-03 05:29:32 UTC,,,,,
14428,ReleaseEvent,podlove_podlove-publisher,2017-04-14 10:12:41 UTC,,,,,
15935,ReleaseEvent,podlove_podlove-publisher,2017-03-30 14:58:51 UTC,,,,,
16169,ReleaseEvent,podlove_podlove-publisher,2017-02-09 07:13:10 UTC,,,,,
18356,ReleaseEvent,podlove_podlove-publisher,2017-02-09 06:14:18 UTC,,,,,
28982,ReleaseEvent,podlove_podlove-publisher,2017-01-05 05:19:55 UTC,,,,,
29913,ReleaseEvent,podlove_podlove-publisher,2017-03-13 02:10:11 UTC,,,,,
30303,ReleaseEvent,podlove_podlove-publisher,2017-06-05 06:35:49 UTC,,,,,
30391,ReleaseEvent,podlove_podlove-publisher,2017-03-13 02:23:13 UTC,,,,,
32971,ReleaseEvent,podlove_podlove-publisher,2017-05-22 08:01:19 UTC,,,,,
35300,ReleaseEvent,podlove_podlove-publisher,2017-02-04 03:51:14 UTC,,,,,
36665,ReleaseEvent,podlove_podlove-publisher,2017-06-20 09:06:02 UTC,,,,,
88104,ForkEvent,podlove_podlove-publisher,2017-02-18 04:55:06 UTC,,,,,
110768,ForkEvent,podlove_podlove-publisher,2017-04-09 19:02:10 UTC,,,,,
119652,ForkEvent,podlove_podlove-publisher,2017-02-18 09:45:32 UTC,,,,,
170396,ForkEvent,podlove_podlove-publisher,2017-03-01 00:53:20 UTC,,,,,
194592,ForkEvent,podlove_podlove-publisher,2017-01-16 11:27:43 UTC,,,,,
211065,ForkEvent,podlove_podlove-publisher,2017-07-16 12:59:54 UTC,,,,,
230932,ForkEvent,podlove_podlove-publisher,2017-11-24 10:15:38 UTC,,,,,
290074,ForkEvent,podlove_podlove-publisher,2017-08-10 16:20:59 UTC,,,,,
334987,ForkEvent,podlove_podlove-publisher,2017-07-01 13:36:36 UTC,,,,,
340128,PushEvent,podlove_podlove-publisher,2017-03-15 08:01:23 UTC,,,,,
340473,PushEvent,podlove_podlove-publisher,2017-10-12 13:23:53 UTC,,,,,
341076,PushEvent,podlove_podlove-publisher,2017-10-11 17:12:12 UTC,,,,,
343237,PushEvent,podlove_podlove-publisher,2017-01-05 03:38:45 UTC,,,,,
346879,PushEvent,podlove_podlove-publisher,2017-07-10 22:50:57 UTC,,,,,
359630,PushEvent,podlove_podlove-publisher,2017-03-15 09:14:37 UTC,,,,,
362115,PushEvent,podlove_podlove-publisher,2017-02-09 06:20:00 UTC,,,,,
371126,PushEvent,podlove_podlove-publisher,2017-05-22 08:04:13 UTC,,,,,
377590,PushEvent,podlove_podlove-publisher,2017-04-07 19:02:07 UTC,,,,,
379680,PushEvent,podlove_podlove-publisher,2017-05-07 07:21:02 UTC,,,,,
382991,PushEvent,podlove_podlove-publisher,2017-11-02 16:01:46 UTC,,,,,
388011,PushEvent,podlove_podlove-publisher,2017-07-10 22:54:44 UTC,,,,,
390502,PushEvent,podlove_podlove-publisher,2017-05-02 13:37:45 UTC,,,,,
392679,PushEvent,podlove_podlove-publisher,2017-02-09 06:11:29 UTC,,,,,
395310,PushEvent,podlove_podlove-publisher,2017-07-10 20:38:15 UTC,,,,,
410084,PushEvent,podlove_podlove-publisher,2017-05-26 11:51:11 UTC,,,,,
411468,PushEvent,podlove_podlove-publisher,2017-12-11 10:41:26 UTC,,,,,
414008,PushEvent,podlove_podlove-publisher,2017-01-16 04:04:37 UTC,,,,,
415246,PushEvent,podlove_podlove-publisher,2017-07-11 10:47:39 UTC,,,,,
418641,PushEvent,podlove_podlove-publisher,2017-02-07 14:06:00 UTC,,,,,
420125,PushEvent,podlove_podlove-publisher,2017-01-13 09:15:29 UTC,,,,,
427375,PushEvent,podlove_podlove-publisher,2017-04-20 11:23:15 UTC,,,,,
431408,PushEvent,podlove_podlove-publisher,2017-10-29 14:13:19 UTC,,,,,
433780,PushEvent,podlove_podlove-publisher,2017-02-09 06:11:30 UTC,,,,,
441021,PushEvent,podlove_podlove-publisher,2017-08-31 20:19:03 UTC,,,,,
446886,PushEvent,podlove_podlove-publisher,2017-09-17 17:11:53 UTC,,,,,
447976,PushEvent,podlove_podlove-publisher,2017-05-22 07:55:11 UTC,,,,,
448773,PushEvent,podlove_podlove-publisher,2017-09-21 10:51:06 UTC,,,,,
454795,PushEvent,podlove_podlove-publisher,2017-04-27 13:17:11 UTC,,,,,
463689,PushEvent,podlove_podlove-publisher,2017-06-20 09:02:52 UTC,,,,,
476294,PushEvent,podlove_podlove-publisher,2017-04-14 12:23:10 UTC,,,,,
480404,PushEvent,podlove_podlove-publisher,2017-06-08 12:37:47 UTC,,,,,
481902,PushEvent,podlove_podlove-publisher,2017-01-01 05:45:47 UTC,,,,,
483853,PushEvent,podlove_podlove-publisher,2017-02-23 04:24:33 UTC,,,,,
484454,PushEvent,podlove_podlove-publisher,2017-08-17 09:36:13 UTC,,,,,
486585,PushEvent,podlove_podlove-publisher,2017-05-31 16:44:31 UTC,,,,,
493144,PushEvent,podlove_podlove-publisher,2017-04-15 16:02:36 UTC,,,,,
495480,PushEvent,podlove_podlove-publisher,2017-06-05 06:26:10 UTC,,,,,
501844,PushEvent,podlove_podlove-publisher,2017-05-07 08:09:17 UTC,,,,,
503245,PushEvent,podlove_podlove-publisher,2017-08-17 11:15:48 UTC,,,,,
503860,PushEvent,podlove_podlove-publisher,2017-09-13 22:17:32 UTC,,,,,
504843,PushEvent,podlove_podlove-publisher,2017-09-21 10:26:07 UTC,,,,,
514856,PushEvent,podlove_podlove-publisher,2017-06-23 15:26:26 UTC,,,,,
515495,PushEvent,podlove_podlove-publisher,2017-03-13 02:08:42 UTC,,,,,
517428,PushEvent,podlove_podlove-publisher,2017-09-01 06:49:21 UTC,,,,,
517537,PushEvent,podlove_podlove-publisher,2017-09-04 07:08:59 UTC,,,,,
533396,PushEvent,podlove_podlove-publisher,2017-11-24 15:42:32 UTC,,,,,
537647,PushEvent,podlove_podlove-publisher,2017-08-11 20:09:17 UTC,,,,,
545669,PushEvent,podlove_podlove-publisher,2017-04-12 13:21:08 UTC,,,,,
547821,PushEvent,podlove_podlove-publisher,2017-01-17 04:56:20 UTC,,,,,
559516,PushEvent,podlove_podlove-publisher,2017-01-13 13:39:45 UTC,,,,,
562763,PushEvent,podlove_podlove-publisher,2017-04-15 10:25:09 UTC,,,,,
564592,PushEvent,podlove_podlove-publisher,2017-02-04 03:41:45 UTC,,,,,
565406,PushEvent,podlove_podlove-publisher,2017-11-11 18:10:34 UTC,,,,,
567641,PushEvent,podlove_podlove-publisher,2017-04-14 09:29:49 UTC,,,,,
567782,PushEvent,podlove_podlove-publisher,2017-08-17 11:00:34 UTC,,,,,
569788,PushEvent,podlove_podlove-publisher,2017-11-01 19:07:55 UTC,,,,,
573206,PushEvent,podlove_podlove-publisher,2017-05-26 12:00:05 UTC,,,,,
574305,PushEvent,podlove_podlove-publisher,2017-01-17 09:54:39 UTC,,,,,
577484,PushEvent,podlove_podlove-publisher,2017-08-03 16:24:46 UTC,,,,,
577735,PushEvent,podlove_podlove-publisher,2017-08-31 10:13:57 UTC,,,,,
578511,PushEvent,podlove_podlove-publisher,2017-03-30 14:55:57 UTC,,,,,
579112,PushEvent,podlove_podlove-publisher,2017-04-14 09:55:08 UTC,,,,,
583314,PushEvent,podlove_podlove-publisher,2017-04-22 15:35:23 UTC,,,,,
585309,PushEvent,podlove_podlove-publisher,2017-04-27 10:16:22 UTC,,,,,
590168,PushEvent,podlove_podlove-publisher,2017-08-31 11:12:31 UTC,,,,,
593864,PushEvent,podlove_podlove-publisher,2017-03-30 07:12:30 UTC,,,,,
594124,PushEvent,podlove_podlove-publisher,2017-02-10 07:03:17 UTC,,,,,
604455,PushEvent,podlove_podlove-publisher,2017-03-16 06:07:27 UTC,,,,,
606666,PushEvent,podlove_podlove-publisher,2017-04-14 10:11:48 UTC,,,,,
609659,PushEvent,podlove_podlove-publisher,2017-05-08 18:51:06 UTC,,,,,
613048,PushEvent,podlove_podlove-publisher,2017-02-06 11:07:04 UTC,,,,,
616839,PushEvent,podlove_podlove-publisher,2017-08-31 09:58:46 UTC,,,,,
619662,PushEvent,podlove_podlove-publisher,2017-04-08 12:53:27 UTC,,,,,
623427,PushEvent,podlove_podlove-publisher,2017-08-17 11:08:57 UTC,,,,,
627446,PushEvent,podlove_podlove-publisher,2017-04-08 12:54:20 UTC,,,,,
628075,PushEvent,podlove_podlove-publisher,2017-01-20 08:08:04 UTC,,,,,
630608,PushEvent,podlove_podlove-publisher,2017-11-25 11:58:56 UTC,,,,,
640528,PushEvent,podlove_podlove-publisher,2017-09-09 11:08:35 UTC,,,,,
650010,PushEvent,podlove_podlove-publisher,2017-02-03 05:23:48 UTC,,,,,
650431,PushEvent,podlove_podlove-publisher,2017-02-09 06:12:55 UTC,,,,,
650656,PushEvent,podlove_podlove-publisher,2017-06-20 08:56:16 UTC,,,,,
668132,PushEvent,podlove_podlove-publisher,2017-09-23 08:36:14 UTC,,,,,
671633,PushEvent,podlove_podlove-publisher,2017-02-21 05:30:36 UTC,,,,,
676819,PushEvent,podlove_podlove-publisher,2017-11-16 19:40:43 UTC,,,,,
677644,PushEvent,podlove_podlove-publisher,2017-08-17 13:16:42 UTC,,,,,
689743,PushEvent,podlove_podlove-publisher,2017-09-21 11:36:30 UTC,,,,,
701929,PushEvent,podlove_podlove-publisher,2017-06-05 06:30:05 UTC,,,,,
707734,PushEvent,podlove_podlove-publisher,2017-04-14 09:36:59 UTC,,,,,
707981,PushEvent,podlove_podlove-publisher,2017-05-22 07:59:04 UTC,,,,,
713936,PushEvent,podlove_podlove-publisher,2017-02-09 09:58:40 UTC,,,,,
714841,PushEvent,podlove_podlove-publisher,2017-04-16 08:11:58 UTC,,,,,
731945,PushEvent,podlove_podlove-publisher,2017-06-08 12:04:13 UTC,,,,,
733186,PushEvent,podlove_podlove-publisher,2017-09-17 15:40:44 UTC,,,,,
735333,PushEvent,podlove_podlove-publisher,2017-04-14 09:22:07 UTC,,,,,
735581,PushEvent,podlove_podlove-publisher,2017-05-07 07:22:36 UTC,,,,,
741578,PushEvent,podlove_podlove-publisher,2017-11-19 13:40:20 UTC,,,,,
757250,PushEvent,podlove_podlove-publisher,2017-08-31 08:23:43 UTC,,,,,
764616,PushEvent,podlove_podlove-publisher,2017-01-13 13:39:46 UTC,,,,,
765620,PushEvent,podlove_podlove-publisher,2017-04-14 09:25:24 UTC,,,,,
767762,PushEvent,podlove_podlove-publisher,2017-04-19 12:26:15 UTC,,,,,
770321,PushEvent,podlove_podlove-publisher,2017-07-10 23:04:14 UTC,,,,,
772146,PushEvent,podlove_podlove-publisher,2017-05-31 18:15:41 UTC,,,,,
784657,PushEvent,podlove_podlove-publisher,2017-04-27 09:19:35 UTC,,,,,
789809,PushEvent,podlove_podlove-publisher,2017-04-16 14:04:01 UTC,,,,,
803602,PushEvent,podlove_podlove-publisher,2017-10-06 09:36:27 UTC,,,,,
804224,PushEvent,podlove_podlove-publisher,2017-03-16 06:08:12 UTC,,,,,
812654,PushEvent,podlove_podlove-publisher,2017-11-11 18:38:09 UTC,,,,,
815213,PushEvent,podlove_podlove-publisher,2017-02-09 06:17:13 UTC,,,,,
817580,PushEvent,podlove_podlove-publisher,2017-04-14 09:29:16 UTC,,,,,
819380,PushEvent,podlove_podlove-publisher,2017-06-02 17:48:40 UTC,,,,,
824017,PushEvent,podlove_podlove-publisher,2017-03-13 02:22:10 UTC,,,,,
831067,PushEvent,podlove_podlove-publisher,2017-02-09 07:07:25 UTC,,,,,
832828,PushEvent,podlove_podlove-publisher,2017-11-06 18:10:23 UTC,,,,,
834675,PushEvent,podlove_podlove-publisher,2017-04-20 17:35:14 UTC,,,,,
836662,PushEvent,podlove_podlove-publisher,2017-08-17 10:04:01 UTC,,,,,
836787,PushEvent,podlove_podlove-publisher,2017-01-05 04:46:32 UTC,,,,,
839763,PushEvent,podlove_podlove-publisher,2017-05-26 12:00:21 UTC,,,,,
839764,PushEvent,podlove_podlove-publisher,2017-06-02 07:06:45 UTC,,,,,
840005,PushEvent,podlove_podlove-publisher,2017-09-21 09:57:02 UTC,,,,,
840271,PushEvent,podlove_podlove-publisher,2017-05-26 12:06:38 UTC,,,,,
840400,PushEvent,podlove_podlove-publisher,2017-04-15 16:11:25 UTC,,,,,
849909,PushEvent,podlove_podlove-publisher,2017-07-27 18:15:17 UTC,,,,,
866029,PushEvent,podlove_podlove-publisher,2017-11-19 14:32:00 UTC,,,,,
875089,PushEvent,podlove_podlove-publisher,2017-07-10 22:50:57 UTC,,,,,
879754,PushEvent,podlove_podlove-publisher,2017-07-10 20:29:03 UTC,,,,,
884061,PushEvent,podlove_podlove-publisher,2017-06-05 04:38:48 UTC,,,,,
884683,PushEvent,podlove_podlove-publisher,2017-04-27 14:57:12 UTC,,,,,
902041,PushEvent,podlove_podlove-publisher,2017-03-05 13:01:31 UTC,,,,,
902157,PushEvent,podlove_podlove-publisher,2017-08-17 10:32:54 UTC,,,,,
914411,PushEvent,podlove_podlove-publisher,2017-05-07 07:14:18 UTC,,,,,
918357,PushEvent,podlove_podlove-publisher,2017-11-14 16:36:50 UTC,,,,,
922867,PushEvent,podlove_podlove-publisher,2017-05-26 12:00:50 UTC,,,,,
924393,PushEvent,podlove_podlove-publisher,2017-09-28 17:18:15 UTC,,,,,
926068,PushEvent,podlove_podlove-publisher,2017-04-27 10:02:33 UTC,,,,,
931379,PushEvent,podlove_podlove-publisher,2017-02-23 04:26:01 UTC,,,,,
931755,PushEvent,podlove_podlove-publisher,2017-08-17 10:38:13 UTC,,,,,
942080,PushEvent,podlove_podlove-publisher,2017-09-08 18:49:10 UTC,,,,,
945414,PushEvent,podlove_podlove-publisher,2017-04-06 15:10:31 UTC,,,,,
945541,PushEvent,podlove_podlove-publisher,2017-04-15 21:32:35 UTC,,,,,
947239,PushEvent,podlove_podlove-publisher,2017-05-31 18:19:35 UTC,,,,,
951986,PushEvent,podlove_podlove-publisher,2017-09-23 09:49:21 UTC,,,,,
952962,PushEvent,podlove_podlove-publisher,2017-06-26 20:16:34 UTC,,,,,
1026970,WatchEvent,podlove_podlove-publisher,2017-12-09 18:17:05 UTC,,,,,
1161002,WatchEvent,podlove_podlove-publisher,2017-12-27 14:19:25 UTC,,,,,
1220452,WatchEvent,podlove_podlove-publisher,2017-09-04 15:49:54 UTC,,,,,
1314633,WatchEvent,podlove_podlove-publisher,2017-12-26 10:19:47 UTC,,,,,
1379928,WatchEvent,podlove_podlove-publisher,2017-01-03 05:03:17 UTC,,,,,
1618545,WatchEvent,podlove_podlove-publisher,2017-01-16 11:26:11 UTC,,,,,
1638199,WatchEvent,podlove_podlove-publisher,2017-11-30 13:58:02 UTC,,,,,
1699776,WatchEvent,podlove_podlove-publisher,2017-07-26 17:24:38 UTC,,,,,
1909830,CreateEvent,podlove_podlove-publisher,2017-03-16 06:08:43 UTC,,,,,
1912272,CreateEvent,podlove_podlove-publisher,2017-04-12 13:56:51 UTC,,,,,
1912356,CreateEvent,podlove_podlove-publisher,2017-02-04 03:42:09 UTC,,,,,
1912378,CreateEvent,podlove_podlove-publisher,2017-04-14 10:14:57 UTC,,,,,
1912767,CreateEvent,podlove_podlove-publisher,2017-05-22 07:59:33 UTC,,,,,
1914757,CreateEvent,podlove_podlove-publisher,2017-03-16 06:48:11 UTC,,,,,
1918090,CreateEvent,podlove_podlove-publisher,2017-05-02 12:53:08 UTC,,,,,
1922123,CreateEvent,podlove_podlove-publisher,2017-02-09 07:15:01 UTC,,,,,
1922257,CreateEvent,podlove_podlove-publisher,2017-04-21 16:31:06 UTC,,,,,
1922447,CreateEvent,podlove_podlove-publisher,2017-02-03 05:34:58 UTC,,,,,
1925445,CreateEvent,podlove_podlove-publisher,2017-06-22 16:29:51 UTC,,,,,
1928655,CreateEvent,podlove_podlove-publisher,2017-04-09 10:45:33 UTC,,,,,
1930914,CreateEvent,podlove_podlove-publisher,2017-02-03 05:25:26 UTC,,,,,
1932935,CreateEvent,podlove_podlove-publisher,2017-06-26 20:17:02 UTC,,,,,
1933862,CreateEvent,podlove_podlove-publisher,2017-03-30 14:56:23 UTC,,,,,
1934168,CreateEvent,podlove_podlove-publisher,2017-06-05 06:56:05 UTC,,,,,
1936563,CreateEvent,podlove_podlove-publisher,2017-02-09 06:16:17 UTC,,,,,
1937160,CreateEvent,podlove_podlove-publisher,2017-05-02 09:34:40 UTC,,,,,
1938011,CreateEvent,podlove_podlove-publisher,2017-06-20 09:03:20 UTC,,,,,
1940528,CreateEvent,podlove_podlove-publisher,2017-06-26 20:20:08 UTC,,,,,
1940643,CreateEvent,podlove_podlove-publisher,2017-04-18 17:34:09 UTC,,,,,
1942503,CreateEvent,podlove_podlove-publisher,2017-06-20 09:08:19 UTC,,,,,
1943896,CreateEvent,podlove_podlove-publisher,2017-04-18 14:25:22 UTC,,,,,
1944053,CreateEvent,podlove_podlove-publisher,2017-02-09 07:07:46 UTC,,,,,
1951391,CreateEvent,podlove_podlove-publisher,2017-06-05 06:30:34 UTC,,,,,
1951873,CreateEvent,podlove_podlove-publisher,2017-04-08 12:35:18 UTC,,,,,
1952078,CreateEvent,podlove_podlove-publisher,2017-03-16 06:48:50 UTC,,,,,
1953180,CreateEvent,podlove_podlove-publisher,2017-03-13 02:22:30 UTC,,,,,
1953300,CreateEvent,podlove_podlove-publisher,2017-03-13 02:09:16 UTC,,,,,
1954885,CreateEvent,podlove_podlove-publisher,2017-02-09 06:13:22 UTC,,,,,
1955117,CreateEvent,podlove_podlove-publisher,2017-01-05 05:24:04 UTC,,,,,
1957680,CreateEvent,podlove_podlove-publisher,2017-03-30 15:01:16 UTC,,,,,
1958193,CreateEvent,podlove_podlove-publisher,2017-02-04 03:52:54 UTC,,,,,
1958641,CreateEvent,podlove_podlove-publisher,2017-06-05 06:56:42 UTC,,,,,
1961074,CreateEvent,podlove_podlove-publisher,2017-05-22 08:03:24 UTC,,,,,
1962355,CreateEvent,podlove_podlove-publisher,2017-12-11 11:13:07 UTC,,,,,
1962513,CreateEvent,podlove_podlove-publisher,2017-01-05 05:15:43 UTC,,,,,
1962665,CreateEvent,podlove_podlove-publisher,2017-05-02 12:47:19 UTC,,,,,
1964574,CreateEvent,podlove_podlove-publisher,2017-12-11 10:42:12 UTC,,,,,
1965230,CreateEvent,podlove_podlove-publisher,2017-05-19 22:17:33 UTC,,,,,
1965327,CreateEvent,podlove_podlove-publisher,2017-04-08 12:35:42 UTC,,,,,
1965441,CreateEvent,podlove_podlove-publisher,2017-04-09 09:18:05 UTC,,,,,
1975582,CreateEvent,podlove_podlove-publisher,2017-04-14 10:12:16 UTC,,,,,
1983299,DeleteEvent,podlove_podlove-publisher,2017-02-09 06:15:26 UTC,,,,,
1983326,DeleteEvent,podlove_podlove-publisher,2017-06-05 06:54:15 UTC,,,,,
1985701,DeleteEvent,podlove_podlove-publisher,2017-06-05 06:59:45 UTC,,,,,
1991733,DeleteEvent,podlove_podlove-publisher,2017-04-14 09:37:12 UTC,,,,,
1996508,DeleteEvent,podlove_podlove-publisher,2017-03-16 06:47:07 UTC,,,,,
1997367,DeleteEvent,podlove_podlove-publisher,2017-01-05 05:23:17 UTC,,,,,
2002691,DeleteEvent,podlove_podlove-publisher,2017-12-11 11:11:24 UTC,,,,,
2003235,DeleteEvent,podlove_podlove-publisher,2017-03-13 02:25:42 UTC,,,,,
2005272,DeleteEvent,podlove_podlove-publisher,2017-06-05 06:54:08 UTC,,,,,
2007565,DeleteEvent,podlove_podlove-publisher,2017-05-22 08:02:25 UTC,,,,,
2010259,DeleteEvent,podlove_podlove-publisher,2017-02-04 03:52:02 UTC,,,,,
2010260,DeleteEvent,podlove_podlove-publisher,2017-06-05 06:59:53 UTC,,,,,
2010689,DeleteEvent,podlove_podlove-publisher,2017-06-05 07:00:19 UTC,,,,,
2013563,DeleteEvent,podlove_podlove-publisher,2017-02-03 05:33:43 UTC,,,,,
2016698,DeleteEvent,podlove_podlove-publisher,2017-04-14 09:22:14 UTC,,,,,
2022217,DeleteEvent,podlove_podlove-publisher,2017-06-20 09:07:43 UTC,,,,,
2022461,DeleteEvent,podlove_podlove-publisher,2017-04-14 09:25:27 UTC,,,,,
2022842,DeleteEvent,podlove_podlove-publisher,2017-02-09 07:14:07 UTC,,,,,
2023483,DeleteEvent,podlove_podlove-publisher,2017-06-26 20:19:26 UTC,,,,,
2024727,DeleteEvent,podlove_podlove-publisher,2017-04-14 10:14:10 UTC,,,,,
2032644,DeleteEvent,podlove_podlove-publisher,2017-04-14 09:33:49 UTC,,,,,
2034299,DeleteEvent,podlove_podlove-publisher,2017-03-30 14:59:57 UTC,,,,,
2034943,DeleteEvent,podlove_podlove-publisher,2017-04-14 09:29:18 UTC,,,,,
2044012,IssuesEvent,podlove_podlove-publisher,2017-04-07 18:54:14 UTC,,,,,
2048848,IssuesEvent,podlove_podlove-publisher,2017-01-05 05:14:34 UTC,,,,,
2049317,IssuesEvent,podlove_podlove-publisher,2017-04-18 05:33:32 UTC,,,,,
2050509,IssuesEvent,podlove_podlove-publisher,2017-11-21 00:52:08 UTC,,,,,
2051209,IssuesEvent,podlove_podlove-publisher,2017-04-08 14:44:07 UTC,,,,,
2051817,IssuesEvent,podlove_podlove-publisher,2017-06-05 06:30:01 UTC,,,,,
2058273,IssuesEvent,podlove_podlove-publisher,2017-04-09 10:47:40 UTC,,,,,
2059126,IssuesEvent,podlove_podlove-publisher,2017-02-23 23:16:00 UTC,,,,,
2060368,IssuesEvent,podlove_podlove-publisher,2017-03-30 19:36:01 UTC,,,,,
2074086,IssuesEvent,podlove_podlove-publisher,2017-03-28 18:46:08 UTC,,,,,
2086301,IssuesEvent,podlove_podlove-publisher,2017-01-03 11:47:59 UTC,,,,,
2086891,IssuesEvent,podlove_podlove-publisher,2017-04-14 17:05:35 UTC,,,,,
2088500,IssuesEvent,podlove_podlove-publisher,2017-03-31 08:33:36 UTC,,,,,
2099225,IssuesEvent,podlove_podlove-publisher,2017-06-19 20:04:12 UTC,,,,,
2104098,IssuesEvent,podlove_podlove-publisher,2017-04-09 09:18:37 UTC,,,,,
2108154,IssuesEvent,podlove_podlove-publisher,2017-04-06 20:30:43 UTC,,,,,
2113527,IssuesEvent,podlove_podlove-publisher,2017-11-25 18:09:35 UTC,,,,,
2113619,IssuesEvent,podlove_podlove-publisher,2017-08-31 09:59:54 UTC,,,,,
2115357,IssuesEvent,podlove_podlove-publisher,2017-02-02 15:18:15 UTC,,,,,
2120091,IssuesEvent,podlove_podlove-publisher,2017-07-22 12:15:52 UTC,,,,,
2127177,IssuesEvent,podlove_podlove-publisher,2017-03-29 16:24:33 UTC,,,,,
2130245,IssuesEvent,podlove_podlove-publisher,2017-11-21 01:44:48 UTC,,,,,
2130586,IssuesEvent,podlove_podlove-publisher,2017-03-15 11:09:39 UTC,,,,,
2132030,IssuesEvent,podlove_podlove-publisher,2017-04-18 07:01:29 UTC,,,,,
2135488,IssuesEvent,podlove_podlove-publisher,2017-04-18 14:30:43 UTC,,,,,
2138903,IssuesEvent,podlove_podlove-publisher,2017-04-18 20:46:46 UTC,,,,,
2142773,IssuesEvent,podlove_podlove-publisher,2017-03-29 13:10:33 UTC,,,,,
2145705,IssuesEvent,podlove_podlove-publisher,2017-05-03 11:17:16 UTC,,,,,
2148443,IssuesEvent,podlove_podlove-publisher,2017-11-18 22:35:20 UTC,,,,,
2149782,IssuesEvent,podlove_podlove-publisher,2017-11-21 00:35:57 UTC,,,,,
2153588,IssuesEvent,podlove_podlove-publisher,2017-11-20 02:16:54 UTC,,,,,
2165077,IssuesEvent,podlove_podlove-publisher,2017-04-08 14:40:45 UTC,,,,,
2165979,IssuesEvent,podlove_podlove-publisher,2017-04-07 09:25:41 UTC,,,,,
2176524,IssuesEvent,podlove_podlove-publisher,2017-06-20 09:02:51 UTC,,,,,
2181447,IssuesEvent,podlove_podlove-publisher,2017-04-08 12:31:45 UTC,,,,,
2185590,IssuesEvent,podlove_podlove-publisher,2017-05-08 17:43:57 UTC,,,,,
2188813,IssuesEvent,podlove_podlove-publisher,2017-12-11 21:05:03 UTC,,,,,
2190244,IssuesEvent,podlove_podlove-publisher,2017-04-08 07:59:31 UTC,,,,,
2191103,IssuesEvent,podlove_podlove-publisher,2017-03-20 11:52:19 UTC,,,,,
2198044,IssuesEvent,podlove_podlove-publisher,2017-11-07 10:37:13 UTC,,,,,
2201989,IssuesEvent,podlove_podlove-publisher,2017-04-09 10:39:15 UTC,,,,,
2208854,IssuesEvent,podlove_podlove-publisher,2017-09-20 08:07:20 UTC,,,,,
2210512,IssuesEvent,podlove_podlove-publisher,2017-12-20 10:17:11 UTC,,,,,
2218835,IssuesEvent,podlove_podlove-publisher,2017-04-18 05:35:49 UTC,,,,,
2223222,IssuesEvent,podlove_podlove-publisher,2017-11-02 02:53:06 UTC,,,,,
2233782,IssuesEvent,podlove_podlove-publisher,2017-04-08 16:48:53 UTC,,,,,
2234576,IssuesEvent,podlove_podlove-publisher,2017-04-18 05:42:23 UTC,,,,,
2235607,IssuesEvent,podlove_podlove-publisher,2017-06-14 20:17:56 UTC,,,,,
2240237,IssuesEvent,podlove_podlove-publisher,2017-03-23 10:27:11 UTC,,,,,
2243876,IssuesEvent,podlove_podlove-publisher,2017-10-23 13:12:20 UTC,,,,,
2245781,IssuesEvent,podlove_podlove-publisher,2017-05-10 20:00:20 UTC,,,,,
2254015,IssuesEvent,podlove_podlove-publisher,2017-01-05 05:14:34 UTC,,,,,
2256218,IssuesEvent,podlove_podlove-publisher,2017-04-14 17:05:33 UTC,,,,,
2265852,IssuesEvent,podlove_podlove-publisher,2017-04-18 07:01:56 UTC,,,,,
2266699,IssuesEvent,podlove_podlove-publisher,2017-04-08 12:37:52 UTC,,,,,
2270060,IssuesEvent,podlove_podlove-publisher,2017-06-18 20:51:03 UTC,,,,,
2272521,IssuesEvent,podlove_podlove-publisher,2017-03-24 05:33:47 UTC,,,,,
2273364,IssuesEvent,podlove_podlove-publisher,2017-01-03 12:17:06 UTC,,,,,
2280395,IssuesEvent,podlove_podlove-publisher,2017-04-09 11:23:54 UTC,,,,,
2280962,IssuesEvent,podlove_podlove-publisher,2017-03-24 05:09:31 UTC,,,,,
2297315,IssuesEvent,podlove_podlove-publisher,2017-12-13 15:16:08 UTC,,,,,
2303669,IssuesEvent,podlove_podlove-publisher,2017-12-15 21:12:10 UTC,,,,,
2307038,IssuesEvent,podlove_podlove-publisher,2017-04-09 11:27:16 UTC,,,,,
2314315,IssuesEvent,podlove_podlove-publisher,2017-09-15 12:44:47 UTC,,,,,
2321417,IssuesEvent,podlove_podlove-publisher,2017-03-30 14:55:57 UTC,,,,,
2324455,IssuesEvent,podlove_podlove-publisher,2017-08-31 11:16:45 UTC,,,,,
2326973,IssuesEvent,podlove_podlove-publisher,2017-04-09 11:23:57 UTC,,,,,
2332194,IssuesEvent,podlove_podlove-publisher,2017-11-21 01:57:39 UTC,,,,,
2332893,IssuesEvent,podlove_podlove-publisher,2017-03-22 12:41:16 UTC,,,,,
2336996,IssuesEvent,podlove_podlove-publisher,2017-09-01 23:56:26 UTC,,,,,
2341769,IssuesEvent,podlove_podlove-publisher,2017-11-20 20:48:24 UTC,,,,,
2351057,IssuesEvent,podlove_podlove-publisher,2017-12-20 05:05:58 UTC,,,,,
2361182,IssuesEvent,podlove_podlove-publisher,2017-04-18 14:39:45 UTC,,,,,
2367500,IssuesEvent,podlove_podlove-publisher,2017-04-07 14:11:33 UTC,,,,,
2371630,IssuesEvent,podlove_podlove-publisher,2017-12-12 20:09:11 UTC,,,,,
2373734,IssuesEvent,podlove_podlove-publisher,2017-01-05 05:14:34 UTC,,,,,
2374520,IssuesEvent,podlove_podlove-publisher,2017-04-08 15:00:48 UTC,,,,,
2377564,IssuesEvent,podlove_podlove-publisher,2017-04-18 05:39:54 UTC,,,,,
2378875,IssuesEvent,podlove_podlove-publisher,2017-11-23 15:39:00 UTC,,,,,
2383737,IssuesEvent,podlove_podlove-publisher,2017-04-18 07:29:23 UTC,,,,,
2383834,IssuesEvent,podlove_podlove-publisher,2017-05-11 10:48:32 UTC,,,,,
2393726,IssuesEvent,podlove_podlove-publisher,2017-03-20 17:36:34 UTC,,,,,
2398413,IssuesEvent,podlove_podlove-publisher,2017-09-16 15:39:43 UTC,,,,,
2398652,IssuesEvent,podlove_podlove-publisher,2017-04-08 14:35:12 UTC,,,,,
2401992,IssuesEvent,podlove_podlove-publisher,2017-03-21 21:12:20 UTC,,,,,
2406621,IssuesEvent,podlove_podlove-publisher,2017-10-29 12:18:51 UTC,,,,,
2406911,IssuesEvent,podlove_podlove-publisher,2017-05-03 14:14:46 UTC,,,,,
2412861,IssuesEvent,podlove_podlove-publisher,2017-02-04 14:29:55 UTC,,,,,
2415719,IssuesEvent,podlove_podlove-publisher,2017-04-09 11:23:55 UTC,,,,,
2420924,IssuesEvent,podlove_podlove-publisher,2017-03-29 09:31:16 UTC,,,,,
2422745,IssuesEvent,podlove_podlove-publisher,2017-04-18 07:02:19 UTC,,,,,
2433268,IssuesEvent,podlove_podlove-publisher,2017-02-04 03:56:32 UTC,,,,,
2433532,IssuesEvent,podlove_podlove-publisher,2017-04-10 14:46:43 UTC,,,,,
2436965,IssuesEvent,podlove_podlove-publisher,2017-05-26 11:02:48 UTC,,,,,
2437575,IssuesEvent,podlove_podlove-publisher,2017-05-12 07:30:52 UTC,,,,,
2438016,IssuesEvent,podlove_podlove-publisher,2017-03-24 05:35:52 UTC,,,,,
2455573,PullRequestEvent,podlove_podlove-publisher,2017-04-14 09:49:47 UTC,,,,,
2459361,PullRequestEvent,podlove_podlove-publisher,2017-05-26 12:00:49 UTC,,,,,
2474775,PullRequestEvent,podlove_podlove-publisher,2017-05-02 12:53:22 UTC,,,,,
2529712,PullRequestEvent,podlove_podlove-publisher,2017-05-07 07:14:17 UTC,,,,,
2534001,PullRequestEvent,podlove_podlove-publisher,2017-04-14 09:29:49 UTC,,,,,
2543208,PullRequestEvent,podlove_podlove-publisher,2017-04-18 17:35:15 UTC,,,,,
2557646,PullRequestEvent,podlove_podlove-publisher,2017-04-15 13:02:50 UTC,,,,,
2561462,PullRequestEvent,podlove_podlove-publisher,2017-11-24 15:42:31 UTC,,,,,
2566369,PullRequestEvent,podlove_podlove-publisher,2017-04-14 09:22:06 UTC,,,,,
2571146,PullRequestEvent,podlove_podlove-publisher,2017-03-05 13:01:30 UTC,,,,,
2576029,PullRequestEvent,podlove_podlove-publisher,2017-04-14 09:29:15 UTC,,,,,
2578667,PullRequestEvent,podlove_podlove-publisher,2017-05-02 09:35:21 UTC,,,,,
2592365,PullRequestEvent,podlove_podlove-publisher,2017-05-26 12:02:42 UTC,,,,,
2594002,PullRequestEvent,podlove_podlove-publisher,2017-03-01 01:01:26 UTC,,,,,
2595166,PullRequestEvent,podlove_podlove-publisher,2017-06-05 06:54:08 UTC,,,,,
2596528,PullRequestEvent,podlove_podlove-publisher,2017-04-14 09:25:23 UTC,,,,,
2598824,PullRequestEvent,podlove_podlove-publisher,2017-05-07 07:21:01 UTC,,,,,
2604604,PullRequestEvent,podlove_podlove-publisher,2017-04-14 09:53:51 UTC,,,,,
2606882,PullRequestEvent,podlove_podlove-publisher,2017-05-18 21:31:17 UTC,,,,,
2622494,PullRequestEvent,podlove_podlove-publisher,2017-05-26 12:00:20 UTC,,,,,
2623436,PullRequestEvent,podlove_podlove-publisher,2017-04-16 08:11:58 UTC,,,,,
2636867,PullRequestEvent,podlove_podlove-publisher,2017-04-08 12:36:37 UTC,,,,,
2641789,PullRequestEvent,podlove_podlove-publisher,2017-04-09 09:18:16 UTC,,,,,
2659376,PullRequestEvent,podlove_podlove-publisher,2017-04-21 16:32:07 UTC,,,,,
2667000,PullRequestEvent,podlove_podlove-publisher,2017-05-17 16:52:23 UTC,,,,,
2679910,PullRequestEvent,podlove_podlove-publisher,2017-04-16 09:53:00 UTC,,,,,
2684464,PullRequestEvent,podlove_podlove-publisher,2017-08-17 11:08:55 UTC,,,,,
2702298,PullRequestEvent,podlove_podlove-publisher,2017-04-08 12:37:29 UTC,,,,,
2702844,PullRequestEvent,podlove_podlove-publisher,2017-04-12 13:58:13 UTC,,,,,
2710845,PullRequestEvent,podlove_podlove-publisher,2017-08-17 10:01:21 UTC,,,,,
2717714,PullRequestEvent,podlove_podlove-publisher,2017-05-18 22:03:33 UTC,,,,,
2723843,PullRequestEvent,podlove_podlove-publisher,2017-08-17 10:32:52 UTC,,,,,
2756182,PullRequestEvent,podlove_podlove-publisher,2017-04-18 14:30:26 UTC,,,,,
2757205,PullRequestEvent,podlove_podlove-publisher,2017-08-17 10:38:13 UTC,,,,,
2759043,PullRequestEvent,podlove_podlove-publisher,2017-04-09 10:46:49 UTC,,,,,
2767480,PullRequestEvent,podlove_podlove-publisher,2017-05-02 12:49:29 UTC,,,,,
2769470,PullRequestEvent,podlove_podlove-publisher,2017-06-05 06:54:08 UTC,,,,,
2784750,PullRequestEvent,podlove_podlove-publisher,2017-05-07 07:22:35 UTC,,,,,
2795097,PullRequestEvent,podlove_podlove-publisher,2017-04-16 14:04:00 UTC,,,,,
2860851,PullRequestEvent,podlove_podlove-publisher,2017-11-24 10:15:45 UTC,,,,,
2872974,PullRequestEvent,podlove_podlove-publisher,2017-04-14 09:36:58 UTC,,,,,
2929663,IssueCommentEvent,podlove_podlove-publisher,2017-04-07 09:25:41 UTC,,,,,
2949636,IssueCommentEvent,podlove_podlove-publisher,2017-03-21 00:59:25 UTC,,,,,
2960628,IssueCommentEvent,podlove_podlove-publisher,2017-04-07 14:11:32 UTC,,,,,
3002229,IssueCommentEvent,podlove_podlove-publisher,2017-03-16 09:19:54 UTC,,,,,
3009599,IssueCommentEvent,podlove_podlove-publisher,2017-03-30 19:15:28 UTC,,,,,
3015391,IssueCommentEvent,podlove_podlove-publisher,2017-09-15 15:14:13 UTC,,,,,
3038401,IssueCommentEvent,podlove_podlove-publisher,2017-11-01 19:10:13 UTC,,,,,
3040860,IssueCommentEvent,podlove_podlove-publisher,2017-04-11 08:26:23 UTC,,,,,
3042616,IssueCommentEvent,podlove_podlove-publisher,2017-04-09 09:18:37 UTC,,,,,
3056269,IssueCommentEvent,podlove_podlove-publisher,2017-04-18 14:39:45 UTC,,,,,
3064657,IssueCommentEvent,podlove_podlove-publisher,2017-11-20 20:48:24 UTC,,,,,
3067735,IssueCommentEvent,podlove_podlove-publisher,2017-04-08 12:43:42 UTC,,,,,
3090860,IssueCommentEvent,podlove_podlove-publisher,2017-09-20 07:44:58 UTC,,,,,
3092267,IssueCommentEvent,podlove_podlove-publisher,2017-03-28 18:51:15 UTC,,,,,
3102852,IssueCommentEvent,podlove_podlove-publisher,2017-04-18 06:58:56 UTC,,,,,
3113748,IssueCommentEvent,podlove_podlove-publisher,2017-03-30 10:32:11 UTC,,,,,
3135227,IssueCommentEvent,podlove_podlove-publisher,2017-05-11 10:45:15 UTC,,,,,
3146971,IssueCommentEvent,podlove_podlove-publisher,2017-04-07 09:27:33 UTC,,,,,
3170334,IssueCommentEvent,podlove_podlove-publisher,2017-04-10 19:13:18 UTC,,,,,
3183397,IssueCommentEvent,podlove_podlove-publisher,2017-04-09 21:28:39 UTC,,,,,
3186142,IssueCommentEvent,podlove_podlove-publisher,2017-03-30 20:09:23 UTC,,,,,
3191862,IssueCommentEvent,podlove_podlove-publisher,2017-04-10 14:46:42 UTC,,,,,
3205244,IssueCommentEvent,podlove_podlove-publisher,2017-03-30 07:26:50 UTC,,,,,
3216048,IssueCommentEvent,podlove_podlove-publisher,2017-09-15 17:11:09 UTC,,,,,
3275991,IssueCommentEvent,podlove_podlove-publisher,2017-04-08 14:36:18 UTC,,,,,
3312979,IssueCommentEvent,podlove_podlove-publisher,2017-03-30 07:12:36 UTC,,,,,
3319853,IssueCommentEvent,podlove_podlove-publisher,2017-03-20 09:44:07 UTC,,,,,
3322281,IssueCommentEvent,podlove_podlove-publisher,2017-04-18 19:35:31 UTC,,,,,
3332051,IssueCommentEvent,podlove_podlove-publisher,2017-04-09 21:25:39 UTC,,,,,
3339000,IssueCommentEvent,podlove_podlove-publisher,2017-01-03 12:17:06 UTC,,,,,
3347016,IssueCommentEvent,podlove_podlove-publisher,2017-02-11 16:49:02 UTC,,,,,
3361287,IssueCommentEvent,podlove_podlove-publisher,2017-04-09 11:31:00 UTC,,,,,
3364330,IssueCommentEvent,podlove_podlove-publisher,2017-04-07 18:54:14 UTC,,,,,
3365347,IssueCommentEvent,podlove_podlove-publisher,2017-04-18 06:56:19 UTC,,,,,
3370696,IssueCommentEvent,podlove_podlove-publisher,2017-04-11 08:26:14 UTC,,,,,
3385170,IssueCommentEvent,podlove_podlove-publisher,2017-09-16 15:39:42 UTC,,,,,
3401099,IssueCommentEvent,podlove_podlove-publisher,2017-08-31 09:52:10 UTC,,,,,
3401739,IssueCommentEvent,podlove_podlove-publisher,2017-02-11 19:49:50 UTC,,,,,
3418213,IssueCommentEvent,podlove_podlove-publisher,2017-04-09 12:48:21 UTC,,,,,
3434196,IssueCommentEvent,podlove_podlove-publisher,2017-04-08 14:52:24 UTC,,,,,
3441970,IssueCommentEvent,podlove_podlove-publisher,2017-11-09 21:59:07 UTC,,,,,
3457509,IssueCommentEvent,podlove_podlove-publisher,2017-04-09 21:15:03 UTC,,,,,
3458915,IssueCommentEvent,podlove_podlove-publisher,2017-05-14 12:57:53 UTC,,,,,
3459232,IssueCommentEvent,podlove_podlove-publisher,2017-04-18 08:54:05 UTC,,,,,
3480936,IssueCommentEvent,podlove_podlove-publisher,2017-08-31 10:18:07 UTC,,,,,
3490425,IssueCommentEvent,podlove_podlove-publisher,2017-05-26 12:02:42 UTC,,,,,
3492484,IssueCommentEvent,podlove_podlove-publisher,2017-04-18 18:26:49 UTC,,,,,
3497287,IssueCommentEvent,podlove_podlove-publisher,2017-05-16 07:46:51 UTC,,,,,
3515321,IssueCommentEvent,podlove_podlove-publisher,2017-04-09 21:17:59 UTC,,,,,
3546348,IssueCommentEvent,podlove_podlove-publisher,2017-08-31 11:16:06 UTC,,,,,
3556825,IssueCommentEvent,podlove_podlove-publisher,2017-04-07 14:17:39 UTC,,,,,
3567049,IssueCommentEvent,podlove_podlove-publisher,2017-04-09 10:47:40 UTC,,,,,
3575712,IssueCommentEvent,podlove_podlove-publisher,2017-03-30 07:18:22 UTC,,,,,
3583596,IssueCommentEvent,podlove_podlove-publisher,2017-04-18 07:29:22 UTC,,,,,
3593183,IssueCommentEvent,podlove_podlove-publisher,2017-02-04 03:56:32 UTC,,,,,
3597422,IssueCommentEvent,podlove_podlove-publisher,2017-03-24 05:35:52 UTC,,,,,
3610021,IssueCommentEvent,podlove_podlove-publisher,2017-05-02 20:19:38 UTC,,,,,
3635369,IssueCommentEvent,podlove_podlove-publisher,2017-03-30 08:45:29 UTC,,,,,
3635370,IssueCommentEvent,podlove_podlove-publisher,2017-04-14 15:02:49 UTC,,,,,
3635729,IssueCommentEvent,podlove_podlove-publisher,2017-11-01 18:58:10 UTC,,,,,
3636106,IssueCommentEvent,podlove_podlove-publisher,2017-04-14 17:05:33 UTC,,,,,
3711506,IssueCommentEvent,podlove_podlove-publisher,2017-05-11 10:48:32 UTC,,,,,
3729328,IssueCommentEvent,podlove_podlove-publisher,2017-06-05 06:34:54 UTC,,,,,
3741105,IssueCommentEvent,podlove_podlove-publisher,2017-11-21 00:35:56 UTC,,,,,
3744572,IssueCommentEvent,podlove_podlove-publisher,2017-08-31 09:49:50 UTC,,,,,
3757914,IssueCommentEvent,podlove_podlove-publisher,2017-04-14 09:53:51 UTC,,,,,
3769138,IssueCommentEvent,podlove_podlove-publisher,2017-03-16 05:08:20 UTC,,,,,
3777806,IssueCommentEvent,podlove_podlove-publisher,2017-04-08 15:00:48 UTC,,,,,
3783305,IssueCommentEvent,podlove_podlove-publisher,2017-03-24 05:33:47 UTC,,,,,
3799874,IssueCommentEvent,podlove_podlove-publisher,2017-04-08 15:08:50 UTC,,,,,
3808086,IssueCommentEvent,podlove_podlove-publisher,2017-11-21 00:52:08 UTC,,,,,
3819097,IssueCommentEvent,podlove_podlove-publisher,2017-04-18 14:30:42 UTC,,,,,
3822447,IssueCommentEvent,podlove_podlove-publisher,2017-04-18 05:33:31 UTC,,,,,
3845117,IssueCommentEvent,podlove_podlove-publisher,2017-05-03 14:14:46 UTC,,,,,
3847818,IssueCommentEvent,podlove_podlove-publisher,2017-02-05 06:12:24 UTC,,,,,
3869248,IssueCommentEvent,podlove_podlove-publisher,2017-11-02 02:53:07 UTC,,,,,
3910586,IssueCommentEvent,podlove_podlove-publisher,2017-07-31 20:29:54 UTC,,,,,
3916091,IssueCommentEvent,podlove_podlove-publisher,2017-06-05 12:57:05 UTC,,,,,
3920823,IssueCommentEvent,podlove_podlove-publisher,2017-04-08 12:45:22 UTC,,,,,
3950326,IssueCommentEvent,podlove_podlove-publisher,2017-02-05 02:20:50 UTC,,,,,
3952755,IssueCommentEvent,podlove_podlove-publisher,2017-04-11 08:25:55 UTC,,,,,
3954479,IssueCommentEvent,podlove_podlove-publisher,2017-04-18 16:57:35 UTC,,,,,
3963387,IssueCommentEvent,podlove_podlove-publisher,2017-04-18 20:46:16 UTC,,,,,
3988014,IssueCommentEvent,podlove_podlove-publisher,2017-08-31 09:59:54 UTC,,,,,
4000696,IssueCommentEvent,podlove_podlove-publisher,2017-04-08 16:26:20 UTC,,,,,
4009993,IssueCommentEvent,podlove_podlove-publisher,2017-07-03 16:16:02 UTC,,,,,
4032806,IssueCommentEvent,podlove_podlove-publisher,2017-03-30 08:51:33 UTC,,,,,
4047902,IssueCommentEvent,podlove_podlove-publisher,2017-04-14 09:49:47 UTC,,,,,
4052762,IssueCommentEvent,podlove_podlove-publisher,2017-11-21 01:57:39 UTC,,,,,
4061312,IssueCommentEvent,podlove_podlove-publisher,2017-09-20 18:35:47 UTC,,,,,
4085319,IssueCommentEvent,podlove_podlove-publisher,2017-04-18 05:42:23 UTC,,,,,
4096384,IssueCommentEvent,podlove_podlove-publisher,2017-07-30 06:54:53 UTC,,,,,
4193787,IssueCommentEvent,podlove_podlove-publisher,2017-04-08 15:05:56 UTC,,,,,
4252242,IssueCommentEvent,podlove_podlove-publisher,2017-03-30 19:57:18 UTC,,,,,
4266867,IssueCommentEvent,podlove_podlove-publisher,2017-02-11 07:47:59 UTC,,,,,
4267946,IssueCommentEvent,podlove_podlove-publisher,2017-11-19 13:42:51 UTC,,,,,
4271663,IssueCommentEvent,podlove_podlove-publisher,2017-04-18 05:35:49 UTC,,,,,
4277140,IssueCommentEvent,podlove_podlove-publisher,2017-03-24 21:47:11 UTC,,,,,
4279875,IssueCommentEvent,podlove_podlove-publisher,2017-04-08 12:41:41 UTC,,,,,
4279876,IssueCommentEvent,podlove_podlove-publisher,2017-12-13 15:16:08 UTC,,,,,
4302204,IssueCommentEvent,podlove_podlove-publisher,2017-04-09 10:53:09 UTC,,,,,
4313504,IssueCommentEvent,podlove_podlove-publisher,2017-03-05 13:01:35 UTC,,,,,
4334751,IssueCommentEvent,podlove_podlove-publisher,2017-04-14 09:47:31 UTC,,,,,
4336124,IssueCommentEvent,podlove_podlove-publisher,2017-05-16 18:43:00 UTC,,,,,
4348397,IssueCommentEvent,podlove_podlove-publisher,2017-09-21 11:38:43 UTC,,,,,
4381263,IssueCommentEvent,podlove_podlove-publisher,2017-04-18 07:02:18 UTC,,,,,
4400670,IssueCommentEvent,podlove_podlove-publisher,2017-09-01 23:56:26 UTC,,,,,
4451353,IssueCommentEvent,podlove_podlove-publisher,2017-11-24 10:20:49 UTC,,,,,
4457591,IssueCommentEvent,podlove_podlove-publisher,2017-03-30 19:07:08 UTC,,,,,
4458648,IssueCommentEvent,podlove_podlove-publisher,2017-04-14 17:05:35 UTC,,,,,
4462761,IssueCommentEvent,podlove_podlove-publisher,2017-03-29 16:24:33 UTC,,,,,
4485511,IssueCommentEvent,podlove_podlove-publisher,2017-03-31 08:33:06 UTC,,,,,
4494783,IssueCommentEvent,podlove_podlove-publisher,2017-04-08 14:35:47 UTC,,,,,
4495463,IssueCommentEvent,podlove_podlove-publisher,2017-05-17 16:52:23 UTC,,,,,
4496185,IssueCommentEvent,podlove_podlove-publisher,2017-04-16 08:12:02 UTC,,,,,
4500907,IssueCommentEvent,podlove_podlove-publisher,2017-09-20 12:42:58 UTC,,,,,
4512291,IssueCommentEvent,podlove_podlove-publisher,2017-02-24 00:17:54 UTC,,,,,
4521379,IssueCommentEvent,podlove_podlove-publisher,2017-04-08 12:37:52 UTC,,,,,
4548191,IssueCommentEvent,podlove_podlove-publisher,2017-04-18 17:41:48 UTC,,,,,
4548507,IssueCommentEvent,podlove_podlove-publisher,2017-02-06 19:38:29 UTC,,,,,
4559957,IssueCommentEvent,podlove_podlove-publisher,2017-12-12 20:09:11 UTC,,,,,
4564375,IssueCommentEvent,podlove_podlove-publisher,2017-04-08 08:00:32 UTC,,,,,
4568258,IssueCommentEvent,podlove_podlove-publisher,2017-04-09 21:42:22 UTC,,,,,
4580793,IssueCommentEvent,podlove_podlove-publisher,2017-04-08 13:51:55 UTC,,,,,
4588694,IssueCommentEvent,podlove_podlove-publisher,2017-03-30 07:21:39 UTC,,,,,
4591451,IssueCommentEvent,podlove_podlove-publisher,2017-03-21 21:12:30 UTC,,,,,
4592467,IssueCommentEvent,podlove_podlove-publisher,2017-03-29 06:34:39 UTC,,,,,
4598262,IssueCommentEvent,podlove_podlove-publisher,2017-05-15 17:21:32 UTC,,,,,
4607190,IssueCommentEvent,podlove_podlove-publisher,2017-04-08 14:40:45 UTC,,,,,
4626260,PullRequestReviewCommentEvent,podlove_podlove-publisher,2017-04-21 16:43:34 UTC,,,,,
4671547,PullRequestReviewCommentEvent,podlove_podlove-publisher,2017-04-21 16:43:06 UTC,,,,,
4689890,PullRequestReviewCommentEvent,podlove_podlove-publisher,2017-04-22 15:36:14 UTC,,,,,
4701759,PullRequestReviewCommentEvent,podlove_podlove-publisher,2017-04-21 20:12:49 UTC,,,,,
4826349,PullRequestReviewCommentEvent,podlove_podlove-publisher,2017-04-21 16:49:16 UTC,,,,,
4840328,PullRequestReviewCommentEvent,podlove_podlove-publisher,2017-05-07 07:47:06 UTC,,,,,
4861765,PullRequestReviewCommentEvent,podlove_podlove-publisher,2017-04-21 16:47:37 UTC,,,,,
4867162,PullRequestReviewCommentEvent,podlove_podlove-publisher,2017-04-21 16:44:21 UTC,,,,,
4883858,PullRequestReviewCommentEvent,podlove_podlove-publisher,2017-05-08 18:52:16 UTC,,,,,
4918896,PullRequestReviewCommentEvent,podlove_podlove-publisher,2017-04-21 16:50:26 UTC,,,,,
4953678,PullRequestReviewCommentEvent,podlove_podlove-publisher,2017-04-22 08:13:37 UTC,,,,,
3799,ReleaseEvent,podlove_podlove-publisher,2018-03-31 10:58:31 UTC,,,,,
4843,ReleaseEvent,podlove_podlove-publisher,2018-11-05 07:49:14 UTC,,,,,
7978,ReleaseEvent,podlove_podlove-publisher,2018-05-04 15:47:49 UTC,,,,,
16093,ReleaseEvent,podlove_podlove-publisher,2018-11-29 16:18:07 UTC,,,,,
17043,ReleaseEvent,podlove_podlove-publisher,2018-09-30 09:56:36 UTC,,,,,
20208,ReleaseEvent,podlove_podlove-publisher,2018-10-23 22:07:34 UTC,,,,,
21819,ReleaseEvent,podlove_podlove-publisher,2018-12-10 10:45:57 UTC,,,,,
30397,ReleaseEvent,podlove_podlove-publisher,2018-10-23 21:52:13 UTC,,,,,
31079,ReleaseEvent,podlove_podlove-publisher,2018-03-23 11:10:58 UTC,,,,,
36344,ReleaseEvent,podlove_podlove-publisher,2018-09-30 09:56:14 UTC,,,,,
36461,ReleaseEvent,podlove_podlove-publisher,2018-08-17 13:56:15 UTC,,,,,
36904,ReleaseEvent,podlove_podlove-publisher,2018-09-23 16:17:15 UTC,,,,,
88755,ForkEvent,podlove_podlove-publisher,2018-09-15 10:49:50 UTC,,,,,
95513,ForkEvent,podlove_podlove-publisher,2018-07-20 13:15:29 UTC,,,,,
148070,ForkEvent,podlove_podlove-publisher,2018-10-08 14:44:40 UTC,,,,,
155477,ForkEvent,podlove_podlove-publisher,2018-03-30 10:16:45 UTC,,,,,
174595,ForkEvent,podlove_podlove-publisher,2018-12-18 15:16:19 UTC,,,,,
186154,ForkEvent,podlove_podlove-publisher,2018-03-30 10:19:16 UTC,,,,,
305067,ForkEvent,podlove_podlove-publisher,2018-09-26 11:08:25 UTC,,,,,
313744,PushEvent,podlove_podlove-publisher,2018-08-17 13:03:21 UTC,,,,,
325467,PushEvent,podlove_podlove-publisher,2018-04-20 13:04:12 UTC,,,,,
330647,PushEvent,podlove_podlove-publisher,2018-02-25 03:25:38 UTC,,,,,
331439,PushEvent,podlove_podlove-publisher,2018-11-11 21:05:05 UTC,,,,,
339529,PushEvent,podlove_podlove-publisher,2018-10-14 10:09:32 UTC,,,,,
345826,PushEvent,podlove_podlove-publisher,2018-08-17 11:34:38 UTC,,,,,
347809,PushEvent,podlove_podlove-publisher,2018-02-18 09:03:44 UTC,,,,,
351954,PushEvent,podlove_podlove-publisher,2018-05-01 21:45:56 UTC,,,,,
353981,PushEvent,podlove_podlove-publisher,2018-12-15 18:30:42 UTC,,,,,
368869,PushEvent,podlove_podlove-publisher,2018-09-17 08:51:23 UTC,,,,,
370245,PushEvent,podlove_podlove-publisher,2018-09-21 14:19:35 UTC,,,,,
388453,PushEvent,podlove_podlove-publisher,2018-08-10 13:56:45 UTC,,,,,
390690,PushEvent,podlove_podlove-publisher,2018-12-10 10:45:25 UTC,,,,,
391705,PushEvent,podlove_podlove-publisher,2018-12-15 18:39:52 UTC,,,,,
396892,PushEvent,podlove_podlove-publisher,2018-03-23 11:52:05 UTC,,,,,
412501,PushEvent,podlove_podlove-publisher,2018-11-05 07:44:44 UTC,,,,,
425276,PushEvent,podlove_podlove-publisher,2018-11-05 07:39:56 UTC,,,,,
431596,PushEvent,podlove_podlove-publisher,2018-12-14 14:44:14 UTC,,,,,
435913,PushEvent,podlove_podlove-publisher,2018-10-18 14:40:08 UTC,,,,,
456939,PushEvent,podlove_podlove-publisher,2018-12-28 16:19:48 UTC,,,,,
467838,PushEvent,podlove_podlove-publisher,2018-05-04 20:34:00 UTC,,,,,
472033,PushEvent,podlove_podlove-publisher,2018-03-30 15:35:25 UTC,,,,,
476385,PushEvent,podlove_podlove-publisher,2018-11-29 16:01:44 UTC,,,,,
477799,PushEvent,podlove_podlove-publisher,2018-10-23 21:51:39 UTC,,,,,
483729,PushEvent,podlove_podlove-publisher,2018-12-15 20:01:40 UTC,,,,,
484338,PushEvent,podlove_podlove-publisher,2018-12-28 16:14:57 UTC,,,,,
489684,PushEvent,podlove_podlove-publisher,2018-09-23 16:15:04 UTC,,,,,
493252,PushEvent,podlove_podlove-publisher,2018-02-02 10:57:21 UTC,,,,,
501216,PushEvent,podlove_podlove-publisher,2018-03-16 12:04:12 UTC,,,,,
509054,PushEvent,podlove_podlove-publisher,2018-10-08 15:08:05 UTC,,,,,
510387,PushEvent,podlove_podlove-publisher,2018-12-10 10:42:36 UTC,,,,,
514173,PushEvent,podlove_podlove-publisher,2018-12-28 09:55:14 UTC,,,,,
530833,PushEvent,podlove_podlove-publisher,2018-09-21 14:35:53 UTC,,,,,
533848,PushEvent,podlove_podlove-publisher,2018-10-26 16:10:16 UTC,,,,,
536453,PushEvent,podlove_podlove-publisher,2018-06-14 12:21:57 UTC,,,,,
545667,PushEvent,podlove_podlove-publisher,2018-09-30 09:55:17 UTC,,,,,
562567,PushEvent,podlove_podlove-publisher,2018-03-16 12:28:13 UTC,,,,,
569839,PushEvent,podlove_podlove-publisher,2018-11-29 16:16:19 UTC,,,,,
572373,PushEvent,podlove_podlove-publisher,2018-03-23 17:32:50 UTC,,,,,
574036,PushEvent,podlove_podlove-publisher,2018-02-18 06:39:23 UTC,,,,,
590123,PushEvent,podlove_podlove-publisher,2018-11-09 20:58:45 UTC,,,,,
595526,PushEvent,podlove_podlove-publisher,2018-09-20 16:20:50 UTC,,,,,
597724,PushEvent,podlove_podlove-publisher,2018-11-07 18:04:06 UTC,,,,,
602001,PushEvent,podlove_podlove-publisher,2018-12-15 19:04:56 UTC,,,,,
610491,PushEvent,podlove_podlove-publisher,2018-03-24 17:04:24 UTC,,,,,
622112,PushEvent,podlove_podlove-publisher,2018-03-31 10:53:33 UTC,,,,,
624178,PushEvent,podlove_podlove-publisher,2018-03-15 14:15:23 UTC,,,,,
626338,PushEvent,podlove_podlove-publisher,2018-08-10 14:08:20 UTC,,,,,
628728,PushEvent,podlove_podlove-publisher,2018-05-04 12:51:55 UTC,,,,,
635932,PushEvent,podlove_podlove-publisher,2018-03-15 15:14:33 UTC,,,,,
638053,PushEvent,podlove_podlove-publisher,2018-03-23 11:05:17 UTC,,,,,
647321,PushEvent,podlove_podlove-publisher,2018-05-01 16:15:26 UTC,,,,,
648811,PushEvent,podlove_podlove-publisher,2018-10-26 15:40:01 UTC,,,,,
650305,PushEvent,podlove_podlove-publisher,2018-03-23 16:35:13 UTC,,,,,
659857,PushEvent,podlove_podlove-publisher,2018-12-15 16:36:53 UTC,,,,,
675949,PushEvent,podlove_podlove-publisher,2018-03-30 15:35:50 UTC,,,,,
680091,PushEvent,podlove_podlove-publisher,2018-12-28 16:35:11 UTC,,,,,
687210,PushEvent,podlove_podlove-publisher,2018-03-02 04:58:58 UTC,,,,,
687980,PushEvent,podlove_podlove-publisher,2018-08-19 17:55:28 UTC,,,,,
688689,PushEvent,podlove_podlove-publisher,2018-12-15 18:45:41 UTC,,,,,
694424,PushEvent,podlove_podlove-publisher,2018-09-21 18:51:13 UTC,,,,,
701311,PushEvent,podlove_podlove-publisher,2018-09-20 16:01:33 UTC,,,,,
714473,PushEvent,podlove_podlove-publisher,2018-09-01 23:02:18 UTC,,,,,
722670,PushEvent,podlove_podlove-publisher,2018-11-29 16:33:25 UTC,,,,,
726081,PushEvent,podlove_podlove-publisher,2018-06-18 12:28:16 UTC,,,,,
734974,PushEvent,podlove_podlove-publisher,2018-03-23 11:48:39 UTC,,,,,
748270,PushEvent,podlove_podlove-publisher,2018-08-17 11:43:20 UTC,,,,,
749733,PushEvent,podlove_podlove-publisher,2018-11-29 15:17:58 UTC,,,,,
750899,PushEvent,podlove_podlove-publisher,2018-03-14 20:02:13 UTC,,,,,
753393,PushEvent,podlove_podlove-publisher,2018-11-05 07:40:08 UTC,,,,,
760116,PushEvent,podlove_podlove-publisher,2018-11-08 04:11:11 UTC,,,,,
773852,PushEvent,podlove_podlove-publisher,2018-04-15 09:57:02 UTC,,,,,
779272,PushEvent,podlove_podlove-publisher,2018-09-21 14:51:52 UTC,,,,,
782281,PushEvent,podlove_podlove-publisher,2018-05-05 09:06:46 UTC,,,,,
786149,PushEvent,podlove_podlove-publisher,2018-09-23 17:03:24 UTC,,,,,
805797,PushEvent,podlove_podlove-publisher,2018-10-23 22:06:46 UTC,,,,,
811782,PushEvent,podlove_podlove-publisher,2018-02-18 09:42:38 UTC,,,,,
814352,PushEvent,podlove_podlove-publisher,2018-11-11 20:43:39 UTC,,,,,
815866,PushEvent,podlove_podlove-publisher,2018-08-17 21:37:31 UTC,,,,,
828633,PushEvent,podlove_podlove-publisher,2018-08-19 18:01:09 UTC,,,,,
833710,PushEvent,podlove_podlove-publisher,2018-02-10 06:38:20 UTC,,,,,
836724,PushEvent,podlove_podlove-publisher,2018-08-17 12:46:34 UTC,,,,,
843098,PushEvent,podlove_podlove-publisher,2018-02-18 08:39:12 UTC,,,,,
845167,PushEvent,podlove_podlove-publisher,2018-08-17 11:35:50 UTC,,,,,
845784,PushEvent,podlove_podlove-publisher,2018-03-23 17:24:18 UTC,,,,,
851047,PushEvent,podlove_podlove-publisher,2018-03-30 12:09:28 UTC,,,,,
862470,PushEvent,podlove_podlove-publisher,2018-12-28 15:54:32 UTC,,,,,
872695,PushEvent,podlove_podlove-publisher,2018-04-18 17:13:55 UTC,,,,,
872928,PushEvent,podlove_podlove-publisher,2018-12-28 15:43:48 UTC,,,,,
873066,PushEvent,podlove_podlove-publisher,2018-03-23 20:23:11 UTC,,,,,
877015,PushEvent,podlove_podlove-publisher,2018-12-15 16:47:57 UTC,,,,,
883409,PushEvent,podlove_podlove-publisher,2018-11-07 17:36:31 UTC,,,,,
883812,PushEvent,podlove_podlove-publisher,2018-03-14 17:37:12 UTC,,,,,
892281,PushEvent,podlove_podlove-publisher,2018-03-23 10:48:12 UTC,,,,,
912088,PushEvent,podlove_podlove-publisher,2018-09-21 14:12:57 UTC,,,,,
919724,PushEvent,podlove_podlove-publisher,2018-03-27 16:00:44 UTC,,,,,
934037,PushEvent,podlove_podlove-publisher,2018-03-22 18:13:11 UTC,,,,,
936309,PushEvent,podlove_podlove-publisher,2018-09-30 09:38:48 UTC,,,,,
942879,WatchEvent,podlove_podlove-publisher,2018-05-10 05:12:27 UTC,,,,,
946728,WatchEvent,podlove_podlove-publisher,2018-09-29 10:27:15 UTC,,,,,
986279,WatchEvent,podlove_podlove-publisher,2018-11-05 13:53:20 UTC,,,,,
1034777,WatchEvent,podlove_podlove-publisher,2018-07-06 13:05:45 UTC,,,,,
1065866,WatchEvent,podlove_podlove-publisher,2018-12-13 07:41:25 UTC,,,,,
1118006,WatchEvent,podlove_podlove-publisher,2018-09-14 08:59:45 UTC,,,,,
1137026,WatchEvent,podlove_podlove-publisher,2018-11-19 11:37:15 UTC,,,,,
1161116,WatchEvent,podlove_podlove-publisher,2018-06-16 13:59:08 UTC,,,,,
1167455,WatchEvent,podlove_podlove-publisher,2018-11-08 18:48:23 UTC,,,,,
1170687,WatchEvent,podlove_podlove-publisher,2018-11-19 11:37:03 UTC,,,,,
1204959,WatchEvent,podlove_podlove-publisher,2018-05-30 03:37:56 UTC,,,,,
1219354,WatchEvent,podlove_podlove-publisher,2018-03-01 22:58:43 UTC,,,,,
1391418,WatchEvent,podlove_podlove-publisher,2018-02-13 22:51:14 UTC,,,,,
1400574,WatchEvent,podlove_podlove-publisher,2018-02-13 06:45:18 UTC,,,,,
1411385,WatchEvent,podlove_podlove-publisher,2018-12-13 16:49:41 UTC,,,,,
1501764,WatchEvent,podlove_podlove-publisher,2018-11-03 20:42:33 UTC,,,,,
1542099,WatchEvent,podlove_podlove-publisher,2018-08-27 18:56:35 UTC,,,,,
1706589,WatchEvent,podlove_podlove-publisher,2018-03-17 15:01:51 UTC,,,,,
1850546,WatchEvent,podlove_podlove-publisher,2018-04-02 17:23:42 UTC,,,,,
1871730,WatchEvent,podlove_podlove-publisher,2018-04-12 19:57:33 UTC,,,,,
1893960,CreateEvent,podlove_podlove-publisher,2018-05-05 09:07:04 UTC,,,,,
1895392,CreateEvent,podlove_podlove-publisher,2018-11-05 07:45:04 UTC,,,,,
1896427,CreateEvent,podlove_podlove-publisher,2018-08-17 11:36:02 UTC,,,,,
1898308,CreateEvent,podlove_podlove-publisher,2018-03-10 17:52:12 UTC,,,,,
1906500,CreateEvent,podlove_podlove-publisher,2018-03-23 11:43:19 UTC,,,,,
1912115,CreateEvent,podlove_podlove-publisher,2018-10-23 22:07:12 UTC,,,,,
1913913,CreateEvent,podlove_podlove-publisher,2018-06-18 12:57:04 UTC,,,,,
1925468,CreateEvent,podlove_podlove-publisher,2018-12-10 10:45:41 UTC,,,,,
1935790,CreateEvent,podlove_podlove-publisher,2018-05-04 12:52:26 UTC,,,,,
1942962,CreateEvent,podlove_podlove-publisher,2018-08-17 13:27:56 UTC,,,,,
1944302,CreateEvent,podlove_podlove-publisher,2018-10-23 21:52:00 UTC,,,,,
1945375,CreateEvent,podlove_podlove-publisher,2018-09-23 16:15:30 UTC,,,,,
1947901,CreateEvent,podlove_podlove-publisher,2018-08-31 09:00:27 UTC,,,,,
1950296,CreateEvent,podlove_podlove-publisher,2018-03-31 11:01:47 UTC,,,,,
1955396,CreateEvent,podlove_podlove-publisher,2018-11-29 16:16:43 UTC,,,,,
1956279,CreateEvent,podlove_podlove-publisher,2018-09-30 09:55:47 UTC,,,,,
1964219,CreateEvent,podlove_podlove-publisher,2018-03-23 11:42:43 UTC,,,,,
1967117,CreateEvent,podlove_podlove-publisher,2018-03-23 11:10:03 UTC,,,,,
1969869,CreateEvent,podlove_podlove-publisher,2018-03-31 10:55:32 UTC,,,,,
1972153,CreateEvent,podlove_podlove-publisher,2018-06-14 12:22:28 UTC,,,,,
1973305,CreateEvent,podlove_podlove-publisher,2018-09-30 09:39:12 UTC,,,,,
1989488,DeleteEvent,podlove_podlove-publisher,2018-03-31 11:01:01 UTC,,,,,
1991665,DeleteEvent,podlove_podlove-publisher,2018-03-23 11:40:41 UTC,,,,,
1994904,DeleteEvent,podlove_podlove-publisher,2018-03-23 11:41:11 UTC,,,,,
1996473,DeleteEvent,podlove_podlove-publisher,2018-05-04 15:52:16 UTC,,,,,
2039646,IssuesEvent,podlove_podlove-publisher,2018-12-18 19:09:43 UTC,,,,,
2047927,IssuesEvent,podlove_podlove-publisher,2018-11-14 10:46:17 UTC,,,,,
2047928,IssuesEvent,podlove_podlove-publisher,2018-09-21 14:19:34 UTC,,,,,
2056748,IssuesEvent,podlove_podlove-publisher,2018-04-16 07:56:15 UTC,,,,,
2062636,IssuesEvent,podlove_podlove-publisher,2018-09-13 10:16:46 UTC,,,,,
2067848,IssuesEvent,podlove_podlove-publisher,2018-04-16 07:56:34 UTC,,,,,
2067994,IssuesEvent,podlove_podlove-publisher,2018-09-21 14:35:52 UTC,,,,,
2068841,IssuesEvent,podlove_podlove-publisher,2018-05-28 19:09:54 UTC,,,,,
2071508,IssuesEvent,podlove_podlove-publisher,2018-02-25 12:39:46 UTC,,,,,
2077093,IssuesEvent,podlove_podlove-publisher,2018-12-17 01:06:01 UTC,,,,,
2087245,IssuesEvent,podlove_podlove-publisher,2018-05-02 16:10:40 UTC,,,,,
2089182,IssuesEvent,podlove_podlove-publisher,2018-09-21 14:51:51 UTC,,,,,
2090092,IssuesEvent,podlove_podlove-publisher,2018-12-18 19:09:28 UTC,,,,,
2090779,IssuesEvent,podlove_podlove-publisher,2018-08-03 08:40:23 UTC,,,,,
2099895,IssuesEvent,podlove_podlove-publisher,2018-05-07 15:45:26 UTC,,,,,
2103568,IssuesEvent,podlove_podlove-publisher,2019-01-03 10:53:00 UTC,,,,,
2106880,IssuesEvent,podlove_podlove-publisher,2018-05-22 16:21:32 UTC,,,,,
2115161,IssuesEvent,podlove_podlove-publisher,2018-12-17 13:21:46 UTC,,,,,
2115254,IssuesEvent,podlove_podlove-publisher,2018-02-22 03:26:45 UTC,,,,,
2138896,IssuesEvent,podlove_podlove-publisher,2018-08-04 11:58:12 UTC,,,,,
2142150,IssuesEvent,podlove_podlove-publisher,2018-11-29 12:54:21 UTC,,,,,
2152534,IssuesEvent,podlove_podlove-publisher,2018-06-06 11:23:11 UTC,,,,,
2161461,IssuesEvent,podlove_podlove-publisher,2018-10-17 12:36:51 UTC,,,,,
2162330,IssuesEvent,podlove_podlove-publisher,2018-09-21 14:55:53 UTC,,,,,
2163443,IssuesEvent,podlove_podlove-publisher,2018-03-23 11:05:04 UTC,,,,,
2169410,IssuesEvent,podlove_podlove-publisher,2018-09-14 14:31:19 UTC,,,,,
2170960,IssuesEvent,podlove_podlove-publisher,2018-11-05 12:01:51 UTC,,,,,
2172802,IssuesEvent,podlove_podlove-publisher,2018-08-14 08:00:32 UTC,,,,,
2175789,IssuesEvent,podlove_podlove-publisher,2018-09-21 14:51:50 UTC,,,,,
2185782,IssuesEvent,podlove_podlove-publisher,2018-02-10 12:12:41 UTC,,,,,
2192694,IssuesEvent,podlove_podlove-publisher,2018-04-16 08:00:13 UTC,,,,,
2194226,IssuesEvent,podlove_podlove-publisher,2018-11-21 16:09:42 UTC,,,,,
2206295,IssuesEvent,podlove_podlove-publisher,2018-12-06 12:11:50 UTC,,,,,
2210645,IssuesEvent,podlove_podlove-publisher,2018-06-18 15:25:13 UTC,,,,,
2217423,IssuesEvent,podlove_podlove-publisher,2018-03-23 11:05:04 UTC,,,,,
2227506,IssuesEvent,podlove_podlove-publisher,2018-06-15 08:31:16 UTC,,,,,
2227729,IssuesEvent,podlove_podlove-publisher,2018-09-21 14:37:17 UTC,,,,,
2229662,IssuesEvent,podlove_podlove-publisher,2018-03-23 11:05:04 UTC,,,,,
2230928,IssuesEvent,podlove_podlove-publisher,2018-03-27 19:15:28 UTC,,,,,
2232247,IssuesEvent,podlove_podlove-publisher,2018-03-23 22:43:18 UTC,,,,,
2232990,IssuesEvent,podlove_podlove-publisher,2018-11-24 13:03:22 UTC,,,,,
2238998,IssuesEvent,podlove_podlove-publisher,2018-02-23 13:29:01 UTC,,,,,
2239582,IssuesEvent,podlove_podlove-publisher,2018-09-21 14:51:51 UTC,,,,,
2243785,IssuesEvent,podlove_podlove-publisher,2018-03-22 21:09:29 UTC,,,,,
2249602,IssuesEvent,podlove_podlove-publisher,2018-08-03 08:41:05 UTC,,,,,
2250189,IssuesEvent,podlove_podlove-publisher,2018-08-03 11:35:17 UTC,,,,,
2251233,IssuesEvent,podlove_podlove-publisher,2018-11-15 14:35:42 UTC,,,,,
2251395,IssuesEvent,podlove_podlove-publisher,2018-05-22 00:28:18 UTC,,,,,
2254135,IssuesEvent,podlove_podlove-publisher,2018-09-04 15:09:57 UTC,,,,,
2254424,IssuesEvent,podlove_podlove-publisher,2018-08-29 10:45:37 UTC,,,,,
2256128,IssuesEvent,podlove_podlove-publisher,2018-08-04 11:58:20 UTC,,,,,
2256910,IssuesEvent,podlove_podlove-publisher,2018-09-21 14:12:57 UTC,,,,,
2259374,IssuesEvent,podlove_podlove-publisher,2018-09-20 16:01:32 UTC,,,,,
2259571,IssuesEvent,podlove_podlove-publisher,2018-05-10 08:28:16 UTC,,,,,
2265472,IssuesEvent,podlove_podlove-publisher,2018-09-21 14:53:15 UTC,,,,,
2271500,IssuesEvent,podlove_podlove-publisher,2018-05-23 17:34:33 UTC,,,,,
2289379,IssuesEvent,podlove_podlove-publisher,2018-02-18 18:26:57 UTC,,,,,
2289484,IssuesEvent,podlove_podlove-publisher,2018-11-15 14:57:21 UTC,,,,,
2290802,IssuesEvent,podlove_podlove-publisher,2018-12-13 16:44:29 UTC,,,,,
2292132,IssuesEvent,podlove_podlove-publisher,2018-12-06 19:02:55 UTC,,,,,
2292801,IssuesEvent,podlove_podlove-publisher,2018-02-18 18:36:35 UTC,,,,,
2293368,IssuesEvent,podlove_podlove-publisher,2018-05-23 19:28:39 UTC,,,,,
2295050,IssuesEvent,podlove_podlove-publisher,2018-04-08 11:05:12 UTC,,,,,
2296088,IssuesEvent,podlove_podlove-publisher,2018-09-21 14:51:50 UTC,,,,,
2301838,IssuesEvent,podlove_podlove-publisher,2018-09-13 17:10:55 UTC,,,,,
2304287,IssuesEvent,podlove_podlove-publisher,2018-02-02 23:41:58 UTC,,,,,
2309488,IssuesEvent,podlove_podlove-publisher,2018-12-13 16:39:58 UTC,,,,,
2315428,IssuesEvent,podlove_podlove-publisher,2018-10-08 14:50:47 UTC,,,,,
2330880,IssuesEvent,podlove_podlove-publisher,2018-07-22 20:52:55 UTC,,,,,
2331204,IssuesEvent,podlove_podlove-publisher,2018-10-17 12:44:34 UTC,,,,,
2334752,IssuesEvent,podlove_podlove-publisher,2018-08-03 08:40:12 UTC,,,,,
2338273,IssuesEvent,podlove_podlove-publisher,2018-11-05 12:19:23 UTC,,,,,
2338274,IssuesEvent,podlove_podlove-publisher,2018-10-08 15:08:04 UTC,,,,,
2339229,IssuesEvent,podlove_podlove-publisher,2018-10-18 14:42:03 UTC,,,,,
2340165,IssuesEvent,podlove_podlove-publisher,2018-03-23 11:05:04 UTC,,,,,
2341124,IssuesEvent,podlove_podlove-publisher,2018-08-14 08:45:59 UTC,,,,,
2345429,IssuesEvent,podlove_podlove-publisher,2018-10-05 11:09:29 UTC,,,,,
2351582,IssuesEvent,podlove_podlove-publisher,2018-05-23 12:14:19 UTC,,,,,
2352636,IssuesEvent,podlove_podlove-publisher,2018-02-04 06:06:42 UTC,,,,,
2352698,IssuesEvent,podlove_podlove-publisher,2018-05-22 08:11:31 UTC,,,,,
2356107,IssuesEvent,podlove_podlove-publisher,2018-09-27 12:42:03 UTC,,,,,
2361397,IssuesEvent,podlove_podlove-publisher,2018-08-29 13:04:50 UTC,,,,,
2367830,IssuesEvent,podlove_podlove-publisher,2018-03-29 12:31:11 UTC,,,,,
2368941,IssuesEvent,podlove_podlove-publisher,2018-12-07 19:21:06 UTC,,,,,
2374149,IssuesEvent,podlove_podlove-publisher,2018-09-20 16:20:50 UTC,,,,,
2381398,IssuesEvent,podlove_podlove-publisher,2018-02-02 16:21:44 UTC,,,,,
2381693,IssuesEvent,podlove_podlove-publisher,2018-02-19 05:37:30 UTC,,,,,
2384368,IssuesEvent,podlove_podlove-publisher,2018-03-17 08:49:51 UTC,,,,,
2384447,IssuesEvent,podlove_podlove-publisher,2018-03-23 11:05:04 UTC,,,,,
2395864,IssuesEvent,podlove_podlove-publisher,2018-04-16 07:58:11 UTC,,,,,
2401050,IssuesEvent,podlove_podlove-publisher,2018-04-16 18:28:38 UTC,,,,,
2404876,IssuesEvent,podlove_podlove-publisher,2018-05-23 14:08:06 UTC,,,,,
2407238,IssuesEvent,podlove_podlove-publisher,2018-09-21 18:51:14 UTC,,,,,
2412033,IssuesEvent,podlove_podlove-publisher,2018-09-21 14:22:09 UTC,,,,,
2413938,IssuesEvent,podlove_podlove-publisher,2018-04-16 08:00:48 UTC,,,,,
2414032,IssuesEvent,podlove_podlove-publisher,2018-09-15 08:33:49 UTC,,,,,
2415127,IssuesEvent,podlove_podlove-publisher,2018-08-03 08:44:06 UTC,,,,,
2428780,PullRequestEvent,podlove_podlove-publisher,2018-03-30 15:35:50 UTC,,,,,
2503636,PullRequestEvent,podlove_podlove-publisher,2018-11-05 07:40:07 UTC,,,,,
2518248,PullRequestEvent,podlove_podlove-publisher,2018-09-17 08:51:22 UTC,,,,,
2587006,PullRequestEvent,podlove_podlove-publisher,2018-03-30 10:25:25 UTC,,,,,
2611680,PullRequestEvent,podlove_podlove-publisher,2018-10-27 15:00:22 UTC,,,,,
2628742,PullRequestEvent,podlove_podlove-publisher,2018-04-18 17:06:51 UTC,,,,,
2629488,PullRequestEvent,podlove_podlove-publisher,2018-03-30 13:34:31 UTC,,,,,
2634502,PullRequestEvent,podlove_podlove-publisher,2018-10-08 15:08:04 UTC,,,,,
2644633,PullRequestEvent,podlove_podlove-publisher,2018-10-08 14:52:13 UTC,,,,,
2659782,PullRequestEvent,podlove_podlove-publisher,2018-03-30 12:09:27 UTC,,,,,
2694171,PullRequestEvent,podlove_podlove-publisher,2018-10-27 14:56:30 UTC,,,,,
2810222,PullRequestEvent,podlove_podlove-publisher,2018-10-31 07:04:01 UTC,,,,,
2888453,IssueCommentEvent,podlove_podlove-publisher,2018-11-05 15:37:10 UTC,,,,,
2901884,IssueCommentEvent,podlove_podlove-publisher,2018-05-23 19:39:52 UTC,,,,,
2921953,IssueCommentEvent,podlove_podlove-publisher,2018-08-05 15:13:18 UTC,,,,,
2934890,IssueCommentEvent,podlove_podlove-publisher,2018-10-02 12:30:22 UTC,,,,,
2942110,IssueCommentEvent,podlove_podlove-publisher,2018-08-05 09:15:56 UTC,,,,,
2947883,IssueCommentEvent,podlove_podlove-publisher,2018-11-07 16:17:09 UTC,,,,,
2960215,IssueCommentEvent,podlove_podlove-publisher,2018-12-18 20:52:26 UTC,,,,,
2961607,IssueCommentEvent,podlove_podlove-publisher,2018-12-10 17:38:30 UTC,,,,,
2967264,IssueCommentEvent,podlove_podlove-publisher,2018-12-17 12:59:20 UTC,,,,,
2979312,IssueCommentEvent,podlove_podlove-publisher,2018-05-24 07:47:29 UTC,,,,,
3022223,IssueCommentEvent,podlove_podlove-publisher,2018-10-18 14:42:03 UTC,,,,,
3023221,IssueCommentEvent,podlove_podlove-publisher,2018-06-17 19:46:01 UTC,,,,,
3051409,IssueCommentEvent,podlove_podlove-publisher,2018-02-11 08:58:24 UTC,,,,,
3058900,IssueCommentEvent,podlove_podlove-publisher,2019-01-03 10:55:48 UTC,,,,,
3063688,IssueCommentEvent,podlove_podlove-publisher,2018-02-10 21:07:25 UTC,,,,,
3075092,IssueCommentEvent,podlove_podlove-publisher,2018-08-03 11:35:43 UTC,,,,,
3084222,IssueCommentEvent,podlove_podlove-publisher,2018-11-07 18:33:34 UTC,,,,,
3091791,IssueCommentEvent,podlove_podlove-publisher,2018-09-04 13:57:42 UTC,,,,,
3117376,IssueCommentEvent,podlove_podlove-publisher,2018-08-04 12:00:46 UTC,,,,,
3141023,IssueCommentEvent,podlove_podlove-publisher,2018-10-08 15:07:17 UTC,,,,,
3171225,IssueCommentEvent,podlove_podlove-publisher,2018-02-02 23:29:20 UTC,,,,,
3179746,IssueCommentEvent,podlove_podlove-publisher,2018-04-10 11:36:47 UTC,,,,,
3198654,IssueCommentEvent,podlove_podlove-publisher,2018-11-26 00:08:22 UTC,,,,,
3207364,IssueCommentEvent,podlove_podlove-publisher,2018-05-23 14:21:02 UTC,,,,,
3234700,IssueCommentEvent,podlove_podlove-publisher,2018-02-25 10:56:20 UTC,,,,,
3243836,IssueCommentEvent,podlove_podlove-publisher,2018-08-22 18:38:43 UTC,,,,,
3245136,IssueCommentEvent,podlove_podlove-publisher,2018-12-17 21:08:24 UTC,,,,,
3245856,IssueCommentEvent,podlove_podlove-publisher,2018-05-23 17:34:34 UTC,,,,,
3252335,IssueCommentEvent,podlove_podlove-publisher,2018-11-16 07:42:43 UTC,,,,,
3278746,IssueCommentEvent,podlove_podlove-publisher,2018-09-02 14:43:34 UTC,,,,,
3294553,IssueCommentEvent,podlove_podlove-publisher,2018-05-22 08:11:31 UTC,,,,,
3306794,IssueCommentEvent,podlove_podlove-publisher,2018-11-05 15:36:06 UTC,,,,,
3387702,IssueCommentEvent,podlove_podlove-publisher,2018-08-03 08:44:06 UTC,,,,,
3394170,IssueCommentEvent,podlove_podlove-publisher,2018-09-14 07:56:13 UTC,,,,,
3412750,IssueCommentEvent,podlove_podlove-publisher,2018-02-03 15:11:34 UTC,,,,,
3413765,IssueCommentEvent,podlove_podlove-publisher,2018-11-07 16:07:23 UTC,,,,,
3422837,IssueCommentEvent,podlove_podlove-publisher,2018-04-08 21:31:41 UTC,,,,,
3430650,IssueCommentEvent,podlove_podlove-publisher,2018-11-15 14:57:17 UTC,,,,,
3472649,IssueCommentEvent,podlove_podlove-publisher,2018-05-24 05:47:36 UTC,,,,,
3476982,IssueCommentEvent,podlove_podlove-publisher,2018-03-27 19:15:28 UTC,,,,,
3513520,IssueCommentEvent,podlove_podlove-publisher,2018-05-26 08:56:29 UTC,,,,,
3518605,IssueCommentEvent,podlove_podlove-publisher,2018-11-05 15:00:26 UTC,,,,,
3521707,IssueCommentEvent,podlove_podlove-publisher,2018-08-03 11:43:28 UTC,,,,,
3529993,IssueCommentEvent,podlove_podlove-publisher,2018-05-23 13:50:53 UTC,,,,,
3532311,IssueCommentEvent,podlove_podlove-publisher,2018-05-22 16:21:31 UTC,,,,,
3534970,IssueCommentEvent,podlove_podlove-publisher,2018-02-25 03:56:31 UTC,,,,,
3541502,IssueCommentEvent,podlove_podlove-publisher,2018-09-04 13:38:23 UTC,,,,,
3568800,IssueCommentEvent,podlove_podlove-publisher,2018-11-15 14:53:25 UTC,,,,,
3585792,IssueCommentEvent,podlove_podlove-publisher,2018-11-05 16:03:15 UTC,,,,,
3589481,IssueCommentEvent,podlove_podlove-publisher,2018-11-07 15:30:51 UTC,,,,,
3595897,IssueCommentEvent,podlove_podlove-publisher,2018-11-29 15:39:34 UTC,,,,,
3615369,IssueCommentEvent,podlove_podlove-publisher,2018-05-22 08:53:24 UTC,,,,,
3621127,IssueCommentEvent,podlove_podlove-publisher,2018-02-03 15:14:48 UTC,,,,,
3660389,IssueCommentEvent,podlove_podlove-publisher,2018-11-05 12:02:55 UTC,,,,,
3669353,IssueCommentEvent,podlove_podlove-publisher,2018-06-04 07:27:25 UTC,,,,,
3679940,IssueCommentEvent,podlove_podlove-publisher,2018-02-10 21:14:26 UTC,,,,,
3686385,IssueCommentEvent,podlove_podlove-publisher,2018-02-25 12:39:45 UTC,,,,,
3701755,IssueCommentEvent,podlove_podlove-publisher,2018-09-13 17:10:55 UTC,,,,,
3712725,IssueCommentEvent,podlove_podlove-publisher,2018-12-13 16:38:07 UTC,,,,,
3715829,IssueCommentEvent,podlove_podlove-publisher,2018-04-24 16:35:06 UTC,,,,,
3735359,IssueCommentEvent,podlove_podlove-publisher,2018-02-02 16:21:44 UTC,,,,,
3748294,IssueCommentEvent,podlove_podlove-publisher,2018-05-23 19:28:39 UTC,,,,,
3764514,IssueCommentEvent,podlove_podlove-publisher,2018-04-16 08:08:08 UTC,,,,,
3773822,IssueCommentEvent,podlove_podlove-publisher,2018-08-03 08:53:06 UTC,,,,,
3783704,IssueCommentEvent,podlove_podlove-publisher,2018-11-05 16:08:38 UTC,,,,,
3804574,IssueCommentEvent,podlove_podlove-publisher,2018-12-13 17:10:16 UTC,,,,,
3819871,IssueCommentEvent,podlove_podlove-publisher,2018-11-05 16:11:37 UTC,,,,,
3833200,IssueCommentEvent,podlove_podlove-publisher,2018-04-10 11:09:26 UTC,,,,,
3834158,IssueCommentEvent,podlove_podlove-publisher,2018-11-16 09:18:08 UTC,,,,,
3847171,IssueCommentEvent,podlove_podlove-publisher,2018-09-04 14:00:57 UTC,,,,,
3853990,IssueCommentEvent,podlove_podlove-publisher,2018-10-08 15:06:03 UTC,,,,,
3857759,IssueCommentEvent,podlove_podlove-publisher,2018-11-05 07:40:13 UTC,,,,,
3883800,IssueCommentEvent,podlove_podlove-publisher,2018-08-17 14:00:33 UTC,,,,,
3889848,IssueCommentEvent,podlove_podlove-publisher,2018-12-08 11:54:58 UTC,,,,,
3893309,IssueCommentEvent,podlove_podlove-publisher,2018-09-04 13:09:02 UTC,,,,,
3915885,IssueCommentEvent,podlove_podlove-publisher,2018-11-14 11:07:29 UTC,,,,,
3929043,IssueCommentEvent,podlove_podlove-publisher,2018-04-22 18:28:43 UTC,,,,,
3963854,IssueCommentEvent,podlove_podlove-publisher,2018-04-16 07:58:11 UTC,,,,,
3982103,IssueCommentEvent,podlove_podlove-publisher,2018-09-04 15:03:33 UTC,,,,,
4027767,IssueCommentEvent,podlove_podlove-publisher,2018-09-21 14:55:53 UTC,,,,,
4054529,IssueCommentEvent,podlove_podlove-publisher,2018-08-22 18:36:59 UTC,,,,,
4084688,IssueCommentEvent,podlove_podlove-publisher,2018-10-16 13:59:52 UTC,,,,,
4114408,IssueCommentEvent,podlove_podlove-publisher,2018-03-27 16:01:02 UTC,,,,,
4125891,IssueCommentEvent,podlove_podlove-publisher,2018-12-17 12:31:10 UTC,,,,,
4154872,IssueCommentEvent,podlove_podlove-publisher,2018-05-23 19:33:26 UTC,,,,,
4156904,IssueCommentEvent,podlove_podlove-publisher,2018-04-22 21:48:24 UTC,,,,,
4191531,IssueCommentEvent,podlove_podlove-publisher,2018-09-04 13:29:21 UTC,,,,,
4220489,IssueCommentEvent,podlove_podlove-publisher,2018-10-18 14:29:35 UTC,,,,,
4245896,IssueCommentEvent,podlove_podlove-publisher,2018-11-29 15:22:50 UTC,,,,,
4261060,IssueCommentEvent,podlove_podlove-publisher,2018-05-30 17:39:59 UTC,,,,,
4296969,IssueCommentEvent,podlove_podlove-publisher,2018-09-20 16:09:26 UTC,,,,,
4300374,IssueCommentEvent,podlove_podlove-publisher,2018-11-29 15:51:31 UTC,,,,,
4302378,IssueCommentEvent,podlove_podlove-publisher,2018-12-17 08:34:14 UTC,,,,,
4305560,IssueCommentEvent,podlove_podlove-publisher,2018-08-14 08:46:11 UTC,,,,,
4308670,IssueCommentEvent,podlove_podlove-publisher,2018-05-07 15:45:25 UTC,,,,,
4327227,IssueCommentEvent,podlove_podlove-publisher,2018-05-28 19:16:19 UTC,,,,,
4356399,IssueCommentEvent,podlove_podlove-publisher,2018-09-13 10:58:19 UTC,,,,,
4361611,IssueCommentEvent,podlove_podlove-publisher,2018-12-17 11:00:14 UTC,,,,,
4365603,IssueCommentEvent,podlove_podlove-publisher,2018-05-23 13:18:49 UTC,,,,,
4428397,IssueCommentEvent,podlove_podlove-publisher,2018-08-04 15:59:09 UTC,,,,,
4435645,IssueCommentEvent,podlove_podlove-publisher,2018-11-07 17:37:14 UTC,,,,,
4438103,IssueCommentEvent,podlove_podlove-publisher,2018-02-10 23:42:36 UTC,,,,,
4445743,IssueCommentEvent,podlove_podlove-publisher,2018-08-29 14:56:13 UTC,,,,,
4450335,IssueCommentEvent,podlove_podlove-publisher,2018-06-06 11:34:22 UTC,,,,,
4455511,IssueCommentEvent,podlove_podlove-publisher,2018-08-05 13:12:29 UTC,,,,,
4462339,IssueCommentEvent,podlove_podlove-publisher,2018-12-10 17:30:59 UTC,,,,,
4478150,IssueCommentEvent,podlove_podlove-publisher,2018-03-30 13:35:19 UTC,,,,,
4482264,IssueCommentEvent,podlove_podlove-publisher,2018-08-14 08:45:40 UTC,,,,,
4513021,IssueCommentEvent,podlove_podlove-publisher,2018-09-14 12:59:39 UTC,,,,,
4520151,IssueCommentEvent,podlove_podlove-publisher,2018-08-03 12:07:44 UTC,,,,,
4536243,IssueCommentEvent,podlove_podlove-publisher,2018-02-10 13:09:27 UTC,,,,,
4551647,IssueCommentEvent,podlove_podlove-publisher,2018-09-13 13:56:34 UTC,,,,,
4560723,IssueCommentEvent,podlove_podlove-publisher,2018-05-27 18:12:21 UTC,,,,,
4569109,IssueCommentEvent,podlove_podlove-publisher,2018-09-14 14:32:00 UTC,,,,,
4577717,IssueCommentEvent,podlove_podlove-publisher,2018-04-08 18:44:11 UTC,,,,,
8577,ReleaseEvent,podlove_podlove-publisher,2019-09-06 09:00:40 UTC,,,,,
8864,CommitCommentEvent,podlove_podlove-publisher,2019-09-06 16:00:12 UTC,,,,,
11052,ReleaseEvent,podlove_podlove-publisher,2019-03-22 08:18:39 UTC,,,,,
18045,GollumEvent,podlove_podlove-publisher,2019-02-18 08:44:17 UTC,,,,,
24338,ReleaseEvent,podlove_podlove-publisher,2019-11-14 20:19:30 UTC,,,,,
25179,ReleaseEvent,podlove_podlove-publisher,2019-06-22 20:09:47 UTC,,,,,
25219,ReleaseEvent,podlove_podlove-publisher,2019-08-03 10:42:39 UTC,,,,,
26797,ReleaseEvent,podlove_podlove-publisher,2019-05-11 09:48:58 UTC,,,,,
30444,ReleaseEvent,podlove_podlove-publisher,2019-09-14 19:11:29 UTC,,,,,
34707,ReleaseEvent,podlove_podlove-publisher,2019-04-18 09:09:08 UTC,,,,,
35813,ReleaseEvent,podlove_podlove-publisher,2019-08-25 08:18:21 UTC,,,,,
36765,ReleaseEvent,podlove_podlove-publisher,2019-08-14 15:38:02 UTC,,,,,
84840,ForkEvent,podlove_podlove-publisher,2019-07-21 15:57:13 UTC,,,,,
92406,ForkEvent,podlove_podlove-publisher,2019-12-01 08:15:10 UTC,,,,,
98276,ForkEvent,podlove_podlove-publisher,2019-07-18 11:00:03 UTC,,,,,
193409,ForkEvent,podlove_podlove-publisher,2019-11-01 20:13:10 UTC,,,,,
236627,ForkEvent,podlove_podlove-publisher,2019-06-07 02:32:25 UTC,,,,,
331198,ForkEvent,podlove_podlove-publisher,2019-07-30 11:16:35 UTC,,,,,
370366,PushEvent,podlove_podlove-publisher,2020-01-10 16:37:58 UTC,,,,,
373264,PushEvent,podlove_podlove-publisher,2019-02-17 08:39:55 UTC,,,,,
378813,PushEvent,podlove_podlove-publisher,2019-02-09 12:16:24 UTC,,,,,
384052,PushEvent,podlove_podlove-publisher,2019-08-03 10:35:23 UTC,,,,,
389738,PushEvent,podlove_podlove-publisher,2020-01-10 17:01:57 UTC,,,,,
391811,PushEvent,podlove_podlove-publisher,2020-01-10 16:52:48 UTC,,,,,
414446,PushEvent,podlove_podlove-publisher,2019-03-22 08:03:01 UTC,,,,,
429787,PushEvent,podlove_podlove-publisher,2020-01-10 18:26:58 UTC,,,,,
444294,PushEvent,podlove_podlove-publisher,2020-01-06 12:57:23 UTC,,,,,
454076,PushEvent,podlove_podlove-publisher,2019-06-22 08:09:59 UTC,,,,,
463025,PushEvent,podlove_podlove-publisher,2019-04-26 07:58:10 UTC,,,,,
473071,PushEvent,podlove_podlove-publisher,2020-01-03 12:39:05 UTC,,,,,
487294,PushEvent,podlove_podlove-publisher,2019-05-12 08:12:24 UTC,,,,,
488613,PushEvent,podlove_podlove-publisher,2019-09-28 10:51:45 UTC,,,,,
502062,PushEvent,podlove_podlove-publisher,2020-01-06 16:21:44 UTC,,,,,
506619,PushEvent,podlove_podlove-publisher,2019-04-28 13:52:35 UTC,,,,,
515974,PushEvent,podlove_podlove-publisher,2019-12-31 13:37:56 UTC,,,,,
530135,PushEvent,podlove_podlove-publisher,2019-08-03 09:52:48 UTC,,,,,
541973,PushEvent,podlove_podlove-publisher,2019-09-05 07:58:44 UTC,,,,,
543356,PushEvent,podlove_podlove-publisher,2019-12-31 13:46:15 UTC,,,,,
556337,PushEvent,podlove_podlove-publisher,2019-02-24 12:19:01 UTC,,,,,
567489,PushEvent,podlove_podlove-publisher,2019-10-10 08:31:02 UTC,,,,,
571148,PushEvent,podlove_podlove-publisher,2020-01-13 21:24:27 UTC,,,,,
582495,PushEvent,podlove_podlove-publisher,2019-08-14 15:35:41 UTC,,,,,
588139,PushEvent,podlove_podlove-publisher,2020-01-03 08:44:15 UTC,,,,,
600346,PushEvent,podlove_podlove-publisher,2019-11-14 20:11:35 UTC,,,,,
608075,PushEvent,podlove_podlove-publisher,2019-06-22 08:09:29 UTC,,,,,
646316,PushEvent,podlove_podlove-publisher,2019-08-03 09:31:38 UTC,,,,,
650643,PushEvent,podlove_podlove-publisher,2019-06-26 20:09:31 UTC,,,,,
653451,PushEvent,podlove_podlove-publisher,2019-08-03 09:39:53 UTC,,,,,
680449,PushEvent,podlove_podlove-publisher,2019-12-31 15:33:52 UTC,,,,,
682508,PushEvent,podlove_podlove-publisher,2019-09-06 08:58:46 UTC,,,,,
684850,PushEvent,podlove_podlove-publisher,2019-09-06 08:57:56 UTC,,,,,
689072,PushEvent,podlove_podlove-publisher,2019-11-14 21:06:54 UTC,,,,,
692377,PushEvent,podlove_podlove-publisher,2020-01-02 09:27:29 UTC,,,,,
694809,PushEvent,podlove_podlove-publisher,2020-01-11 12:13:22 UTC,,,,,
703307,PushEvent,podlove_podlove-publisher,2019-09-03 19:08:33 UTC,,,,,
704344,PushEvent,podlove_podlove-publisher,2019-06-07 07:08:58 UTC,,,,,
712450,PushEvent,podlove_podlove-publisher,2020-01-07 18:41:20 UTC,,,,,
724653,PushEvent,podlove_podlove-publisher,2019-08-25 08:15:46 UTC,,,,,
731483,PushEvent,podlove_podlove-publisher,2020-01-05 16:49:37 UTC,,,,,
740181,PushEvent,podlove_podlove-publisher,2019-11-14 20:12:16 UTC,,,,,
761730,PushEvent,podlove_podlove-publisher,2019-06-25 18:10:03 UTC,,,,,
773670,PushEvent,podlove_podlove-publisher,2020-01-06 13:22:39 UTC,,,,,
774969,PushEvent,podlove_podlove-publisher,2019-12-18 11:11:49 UTC,,,,,
778007,PushEvent,podlove_podlove-publisher,2019-12-31 13:17:12 UTC,,,,,
794186,PushEvent,podlove_podlove-publisher,2019-05-11 08:52:10 UTC,,,,,
802785,PushEvent,podlove_podlove-publisher,2019-09-28 10:51:45 UTC,,,,,
817665,PushEvent,podlove_podlove-publisher,2019-11-15 16:27:26 UTC,,,,,
827463,PushEvent,podlove_podlove-publisher,2019-08-03 09:56:33 UTC,,,,,
841576,PushEvent,podlove_podlove-publisher,2020-01-02 15:31:34 UTC,,,,,
846993,PushEvent,podlove_podlove-publisher,2019-04-18 09:07:20 UTC,,,,,
856256,PushEvent,podlove_podlove-publisher,2019-08-03 09:32:43 UTC,,,,,
859115,PushEvent,podlove_podlove-publisher,2019-05-12 08:14:02 UTC,,,,,
860631,PushEvent,podlove_podlove-publisher,2019-12-31 13:19:11 UTC,,,,,
873171,PushEvent,podlove_podlove-publisher,2019-06-22 19:04:38 UTC,,,,,
883609,PushEvent,podlove_podlove-publisher,2019-04-28 13:16:53 UTC,,,,,
886608,PushEvent,podlove_podlove-publisher,2019-05-11 09:27:44 UTC,,,,,
890272,PushEvent,podlove_podlove-publisher,2019-09-14 15:06:29 UTC,,,,,
923204,PushEvent,podlove_podlove-publisher,2020-01-10 18:13:25 UTC,,,,,
927896,PushEvent,podlove_podlove-publisher,2019-09-06 15:59:40 UTC,,,,,
931132,PushEvent,podlove_podlove-publisher,2019-09-04 08:09:06 UTC,,,,,
947978,PushEvent,podlove_podlove-publisher,2019-06-25 20:26:02 UTC,,,,,
982155,PushEvent,podlove_podlove-publisher,2019-02-17 09:55:46 UTC,,,,,
986122,PushEvent,podlove_podlove-publisher,2020-01-10 16:59:37 UTC,,,,,
993810,PushEvent,podlove_podlove-publisher,2019-09-05 06:42:45 UTC,,,,,
1036192,PushEvent,podlove_podlove-publisher,2019-09-14 19:10:41 UTC,,,,,
1043541,PushEvent,podlove_podlove-publisher,2019-04-19 13:14:12 UTC,,,,,
1079607,PushEvent,podlove_podlove-publisher,2019-12-31 13:32:44 UTC,,,,,
1080095,PushEvent,podlove_podlove-publisher,2019-12-31 13:41:10 UTC,,,,,
1085332,PushEvent,podlove_podlove-publisher,2019-12-31 13:22:41 UTC,,,,,
1088485,PushEvent,podlove_podlove-publisher,2019-08-03 10:35:03 UTC,,,,,
1095884,PushEvent,podlove_podlove-publisher,2019-04-18 09:00:58 UTC,,,,,
1097531,PushEvent,podlove_podlove-publisher,2019-11-15 18:21:37 UTC,,,,,
1108333,PushEvent,podlove_podlove-publisher,2020-01-10 17:52:21 UTC,,,,,
1121653,PushEvent,podlove_podlove-publisher,2019-04-18 09:17:30 UTC,,,,,
1125979,PushEvent,podlove_podlove-publisher,2019-03-07 16:30:59 UTC,,,,,
1128865,PushEvent,podlove_podlove-publisher,2019-02-06 08:59:13 UTC,,,,,
1142039,PushEvent,podlove_podlove-publisher,2019-02-25 09:30:50 UTC,,,,,
1155349,PushEvent,podlove_podlove-publisher,2019-07-22 14:01:53 UTC,,,,,
1169032,PushEvent,podlove_podlove-publisher,2019-12-30 22:25:23 UTC,,,,,
1170071,PushEvent,podlove_podlove-publisher,2019-08-03 09:30:47 UTC,,,,,
1182271,PushEvent,podlove_podlove-publisher,2019-03-22 07:51:55 UTC,,,,,
1241519,WatchEvent,podlove_podlove-publisher,2019-02-14 14:33:50 UTC,,,,,
1290404,WatchEvent,podlove_podlove-publisher,2019-10-15 08:11:14 UTC,,,,,
1401656,WatchEvent,podlove_podlove-publisher,2019-08-25 14:37:18 UTC,,,,,
1430236,WatchEvent,podlove_podlove-publisher,2019-07-31 13:09:15 UTC,,,,,
1455031,WatchEvent,podlove_podlove-publisher,2019-11-08 07:52:42 UTC,,,,,
1463243,WatchEvent,podlove_podlove-publisher,2019-10-01 08:15:27 UTC,,,,,
1478667,WatchEvent,podlove_podlove-publisher,2019-04-05 16:48:49 UTC,,,,,
1592927,WatchEvent,podlove_podlove-publisher,2019-08-29 18:34:24 UTC,,,,,
1660694,WatchEvent,podlove_podlove-publisher,2019-08-12 08:54:53 UTC,,,,,
1777928,WatchEvent,podlove_podlove-publisher,2019-02-12 12:29:13 UTC,,,,,
1980364,WatchEvent,podlove_podlove-publisher,2019-06-12 11:57:46 UTC,,,,,
1995031,WatchEvent,podlove_podlove-publisher,2020-01-14 15:13:28 UTC,,,,,
2073057,WatchEvent,podlove_podlove-publisher,2019-06-25 08:00:20 UTC,,,,,
2081303,WatchEvent,podlove_podlove-publisher,2019-08-06 19:23:54 UTC,,,,,
2204809,WatchEvent,podlove_podlove-publisher,2019-04-12 11:56:43 UTC,,,,,
2302909,CreateEvent,podlove_podlove-publisher,2019-02-04 05:36:01 UTC,,,,,
2303324,CreateEvent,podlove_podlove-publisher,2019-09-06 08:59:02 UTC,,,,,
2307076,CreateEvent,podlove_podlove-publisher,2019-08-14 15:35:56 UTC,,,,,
2307187,CreateEvent,podlove_podlove-publisher,2019-08-03 10:39:04 UTC,,,,,
2309190,CreateEvent,podlove_podlove-publisher,2019-06-25 18:10:23 UTC,,,,,
2310491,CreateEvent,podlove_podlove-publisher,2019-11-14 20:12:15 UTC,,,,,
2315063,CreateEvent,podlove_podlove-publisher,2019-08-25 08:16:46 UTC,,,,,
2315636,CreateEvent,podlove_podlove-publisher,2019-11-15 16:26:17 UTC,,,,,
2325912,CreateEvent,podlove_podlove-publisher,2019-11-14 20:12:19 UTC,,,,,
2328066,CreateEvent,podlove_podlove-publisher,2019-07-28 20:37:58 UTC,,,,,
2329378,CreateEvent,podlove_podlove-publisher,2019-05-11 09:38:21 UTC,,,,,
2332504,CreateEvent,podlove_podlove-publisher,2019-05-11 12:21:46 UTC,,,,,
2340197,CreateEvent,podlove_podlove-publisher,2019-05-11 10:45:28 UTC,,,,,
2343658,CreateEvent,podlove_podlove-publisher,2019-08-30 17:16:04 UTC,,,,,
2360404,CreateEvent,podlove_podlove-publisher,2019-06-22 19:04:59 UTC,,,,,
2365230,CreateEvent,podlove_podlove-publisher,2019-12-13 18:47:53 UTC,,,,,
2371914,CreateEvent,podlove_podlove-publisher,2019-09-28 10:52:00 UTC,,,,,
2372307,CreateEvent,podlove_podlove-publisher,2019-11-14 20:12:19 UTC,,,,,
2376425,CreateEvent,podlove_podlove-publisher,2019-05-12 08:32:27 UTC,,,,,
2379735,CreateEvent,podlove_podlove-publisher,2019-03-22 08:08:03 UTC,,,,,
2388060,CreateEvent,podlove_podlove-publisher,2019-11-14 20:12:38 UTC,,,,,
2388754,CreateEvent,podlove_podlove-publisher,2019-11-14 20:12:30 UTC,,,,,
2389755,CreateEvent,podlove_podlove-publisher,2019-09-14 19:10:49 UTC,,,,,
2396775,CreateEvent,podlove_podlove-publisher,2019-06-26 20:10:28 UTC,,,,,
2403270,CreateEvent,podlove_podlove-publisher,2019-05-11 10:48:14 UTC,,,,,
2404949,CreateEvent,podlove_podlove-publisher,2019-09-14 15:02:53 UTC,,,,,
2407613,CreateEvent,podlove_podlove-publisher,2019-07-22 14:02:14 UTC,,,,,
2409615,CreateEvent,podlove_podlove-publisher,2019-05-11 10:57:19 UTC,,,,,
2412082,CreateEvent,podlove_podlove-publisher,2019-05-11 12:19:27 UTC,,,,,
2417972,CreateEvent,podlove_podlove-publisher,2019-05-11 10:55:10 UTC,,,,,
2420258,CreateEvent,podlove_podlove-publisher,2019-04-18 09:07:48 UTC,,,,,
2420464,CreateEvent,podlove_podlove-publisher,2019-11-14 20:12:18 UTC,,,,,
2452669,DeleteEvent,podlove_podlove-publisher,2019-09-14 15:06:31 UTC,,,,,
2485882,DeleteEvent,podlove_podlove-publisher,2019-09-05 07:58:48 UTC,,,,,
2489538,DeleteEvent,podlove_podlove-publisher,2019-12-29 17:25:49 UTC,,,,,
2518855,IssuesEvent,podlove_podlove-publisher,2019-02-05 10:53:43 UTC,,,,,
2519607,IssuesEvent,podlove_podlove-publisher,2019-08-23 10:32:54 UTC,,,,,
2530441,IssuesEvent,podlove_podlove-publisher,2019-08-16 08:58:40 UTC,,,,,
2536848,IssuesEvent,podlove_podlove-publisher,2019-07-24 12:05:03 UTC,,,,,
2540203,IssuesEvent,podlove_podlove-publisher,2019-07-07 21:10:55 UTC,,,,,
2541113,IssuesEvent,podlove_podlove-publisher,2019-03-27 23:52:02 UTC,,,,,
2544080,IssuesEvent,podlove_podlove-publisher,2019-12-04 06:31:12 UTC,,,,,
2556043,IssuesEvent,podlove_podlove-publisher,2019-10-04 16:08:28 UTC,,,,,
2561163,IssuesEvent,podlove_podlove-publisher,2019-08-27 22:51:56 UTC,,,,,
2569861,IssuesEvent,podlove_podlove-publisher,2019-08-14 15:35:41 UTC,,,,,
2574800,IssuesEvent,podlove_podlove-publisher,2019-02-15 17:35:11 UTC,,,,,
2575129,IssuesEvent,podlove_podlove-publisher,2019-03-22 21:44:28 UTC,,,,,
2580600,IssuesEvent,podlove_podlove-publisher,2019-06-22 19:04:37 UTC,,,,,
2589112,IssuesEvent,podlove_podlove-publisher,2019-08-25 08:15:45 UTC,,,,,
2593828,IssuesEvent,podlove_podlove-publisher,2019-05-05 07:08:04 UTC,,,,,
2599346,IssuesEvent,podlove_podlove-publisher,2019-08-14 14:34:50 UTC,,,,,
2603312,IssuesEvent,podlove_podlove-publisher,2019-11-15 06:37:37 UTC,,,,,
2603938,IssuesEvent,podlove_podlove-publisher,2019-12-03 04:26:16 UTC,,,,,
2619701,IssuesEvent,podlove_podlove-publisher,2019-06-24 18:55:42 UTC,,,,,
2654103,IssuesEvent,podlove_podlove-publisher,2019-11-06 15:11:46 UTC,,,,,
2662489,IssuesEvent,podlove_podlove-publisher,2019-05-07 07:36:21 UTC,,,,,
2663880,IssuesEvent,podlove_podlove-publisher,2019-10-21 11:44:06 UTC,,,,,
2672155,IssuesEvent,podlove_podlove-publisher,2019-10-02 07:40:13 UTC,,,,,
2680611,IssuesEvent,podlove_podlove-publisher,2019-06-25 20:26:02 UTC,,,,,
2680612,IssuesEvent,podlove_podlove-publisher,2019-09-14 19:50:15 UTC,,,,,
2681047,IssuesEvent,podlove_podlove-publisher,2019-04-26 08:01:16 UTC,,,,,
2682141,IssuesEvent,podlove_podlove-publisher,2019-02-01 12:07:11 UTC,,,,,
2689062,IssuesEvent,podlove_podlove-publisher,2019-11-11 19:58:49 UTC,,,,,
2695557,IssuesEvent,podlove_podlove-publisher,2019-11-25 09:54:00 UTC,,,,,
2698688,IssuesEvent,podlove_podlove-publisher,2019-04-11 12:22:53 UTC,,,,,
2717821,IssuesEvent,podlove_podlove-publisher,2019-05-19 15:31:44 UTC,,,,,
2719176,IssuesEvent,podlove_podlove-publisher,2019-09-14 19:09:13 UTC,,,,,
2728293,IssuesEvent,podlove_podlove-publisher,2019-03-20 15:03:41 UTC,,,,,
2730175,IssuesEvent,podlove_podlove-publisher,2019-03-23 15:41:29 UTC,,,,,
2730592,IssuesEvent,podlove_podlove-publisher,2019-12-13 09:48:36 UTC,,,,,
2733558,IssuesEvent,podlove_podlove-publisher,2019-02-25 09:50:57 UTC,,,,,
2745944,IssuesEvent,podlove_podlove-publisher,2019-03-27 06:52:23 UTC,,,,,
2748754,IssuesEvent,podlove_podlove-publisher,2019-03-23 13:45:24 UTC,,,,,
2752283,IssuesEvent,podlove_podlove-publisher,2019-08-28 20:52:00 UTC,,,,,
2753703,IssuesEvent,podlove_podlove-publisher,2019-07-24 21:11:16 UTC,,,,,
2766475,IssuesEvent,podlove_podlove-publisher,2019-09-03 12:24:26 UTC,,,,,
2767259,IssuesEvent,podlove_podlove-publisher,2019-02-09 09:43:03 UTC,,,,,
2777845,IssuesEvent,podlove_podlove-publisher,2020-01-04 12:25:00 UTC,,,,,
2782226,IssuesEvent,podlove_podlove-publisher,2019-11-14 20:11:35 UTC,,,,,
2785934,IssuesEvent,podlove_podlove-publisher,2019-11-01 14:01:52 UTC,,,,,
2794914,IssuesEvent,podlove_podlove-publisher,2019-05-26 14:12:27 UTC,,,,,
2800747,IssuesEvent,podlove_podlove-publisher,2019-10-21 15:49:35 UTC,,,,,
2808079,IssuesEvent,podlove_podlove-publisher,2019-08-22 06:24:39 UTC,,,,,
2808588,IssuesEvent,podlove_podlove-publisher,2019-05-08 07:51:19 UTC,,,,,
2810464,IssuesEvent,podlove_podlove-publisher,2019-08-25 08:15:45 UTC,,,,,
2815597,IssuesEvent,podlove_podlove-publisher,2019-05-03 02:42:49 UTC,,,,,
2820447,IssuesEvent,podlove_podlove-publisher,2019-07-21 11:24:21 UTC,,,,,
2831751,IssuesEvent,podlove_podlove-publisher,2019-08-27 22:08:32 UTC,,,,,
2852099,IssuesEvent,podlove_podlove-publisher,2019-08-21 18:02:57 UTC,,,,,
2852638,IssuesEvent,podlove_podlove-publisher,2019-12-09 15:04:19 UTC,,,,,
2868324,IssuesEvent,podlove_podlove-publisher,2019-07-10 13:14:28 UTC,,,,,
2874794,IssuesEvent,podlove_podlove-publisher,2019-09-16 15:47:33 UTC,,,,,
2877398,IssuesEvent,podlove_podlove-publisher,2019-12-09 19:49:29 UTC,,,,,
2880616,IssuesEvent,podlove_podlove-publisher,2019-11-07 05:37:24 UTC,,,,,
2882107,IssuesEvent,podlove_podlove-publisher,2019-03-22 15:21:53 UTC,,,,,
2885478,IssuesEvent,podlove_podlove-publisher,2019-12-09 15:06:18 UTC,,,,,
2886207,IssuesEvent,podlove_podlove-publisher,2019-03-24 07:28:34 UTC,,,,,
2897830,IssuesEvent,podlove_podlove-publisher,2019-08-21 17:20:49 UTC,,,,,
2908694,IssuesEvent,podlove_podlove-publisher,2019-11-15 16:25:15 UTC,,,,,
2917255,IssuesEvent,podlove_podlove-publisher,2019-06-03 05:20:01 UTC,,,,,
2933532,IssuesEvent,podlove_podlove-publisher,2019-10-20 18:45:08 UTC,,,,,
2937179,IssuesEvent,podlove_podlove-publisher,2019-03-20 15:02:54 UTC,,,,,
2939042,IssuesEvent,podlove_podlove-publisher,2019-11-14 20:07:07 UTC,,,,,
2943837,IssuesEvent,podlove_podlove-publisher,2019-11-28 10:59:08 UTC,,,,,
2945959,IssuesEvent,podlove_podlove-publisher,2019-11-14 20:11:35 UTC,,,,,
2946540,IssuesEvent,podlove_podlove-publisher,2019-10-10 08:38:28 UTC,,,,,
2956066,PullRequestEvent,podlove_podlove-publisher,2019-08-03 09:39:52 UTC,,,,,
2982072,PullRequestEvent,podlove_podlove-publisher,2019-03-22 07:51:54 UTC,,,,,
2987215,PullRequestEvent,podlove_podlove-publisher,2019-08-30 17:16:28 UTC,,,,,
2999011,PullRequestEvent,podlove_podlove-publisher,2019-10-10 08:31:01 UTC,,,,,
3022516,PullRequestEvent,podlove_podlove-publisher,2019-11-14 20:12:15 UTC,,,,,
3041793,PullRequestEvent,podlove_podlove-publisher,2019-10-10 08:35:35 UTC,,,,,
3093165,PullRequestEvent,podlove_podlove-publisher,2019-08-03 09:31:36 UTC,,,,,
3109746,PullRequestEvent,podlove_podlove-publisher,2019-11-14 20:12:19 UTC,,,,,
3130220,PullRequestEvent,podlove_podlove-publisher,2019-11-15 16:27:25 UTC,,,,,
3134378,PullRequestEvent,podlove_podlove-publisher,2019-07-18 11:14:32 UTC,,,,,
3168510,PullRequestEvent,podlove_podlove-publisher,2019-11-01 20:26:52 UTC,,,,,
3250326,PullRequestEvent,podlove_podlove-publisher,2019-09-05 07:58:44 UTC,,,,,
3264288,PullRequestEvent,podlove_podlove-publisher,2019-09-14 15:03:16 UTC,,,,,
3287914,PullRequestEvent,podlove_podlove-publisher,2019-11-14 20:12:30 UTC,,,,,
3294070,PullRequestEvent,podlove_podlove-publisher,2019-07-25 00:02:23 UTC,,,,,
3300543,PullRequestEvent,podlove_podlove-publisher,2019-09-14 15:06:29 UTC,,,,,
3325739,PullRequestEvent,podlove_podlove-publisher,2019-08-30 17:19:08 UTC,,,,,
3331221,PullRequestEvent,podlove_podlove-publisher,2019-08-03 09:32:42 UTC,,,,,
3343544,PullRequestEvent,podlove_podlove-publisher,2019-10-10 08:36:14 UTC,,,,,
3365617,PullRequestEvent,podlove_podlove-publisher,2019-08-30 17:22:03 UTC,,,,,
3371549,PullRequestEvent,podlove_podlove-publisher,2019-03-26 18:44:41 UTC,,,,,
3384734,PullRequestEvent,podlove_podlove-publisher,2019-11-14 20:12:19 UTC,,,,,
3391329,PullRequestEvent,podlove_podlove-publisher,2019-06-22 08:09:58 UTC,,,,,
3396105,PullRequestEvent,podlove_podlove-publisher,2019-08-20 16:19:41 UTC,,,,,
3405522,PullRequestEvent,podlove_podlove-publisher,2019-04-18 09:18:52 UTC,,,,,
3415468,PullRequestEvent,podlove_podlove-publisher,2019-06-07 07:08:58 UTC,,,,,
3416598,PullRequestEvent,podlove_podlove-publisher,2019-12-13 18:47:53 UTC,,,,,
3422128,PullRequestEvent,podlove_podlove-publisher,2019-07-30 11:22:21 UTC,,,,,
3465494,PullRequestEvent,podlove_podlove-publisher,2019-06-22 08:17:03 UTC,,,,,
3471852,PullRequestEvent,podlove_podlove-publisher,2019-07-21 16:04:38 UTC,,,,,
3476449,PullRequestEvent,podlove_podlove-publisher,2019-11-14 20:12:18 UTC,,,,,
3479174,PullRequestEvent,podlove_podlove-publisher,2019-06-07 02:40:17 UTC,,,,,
3487228,PullRequestEvent,podlove_podlove-publisher,2019-07-28 20:38:10 UTC,,,,,
3577610,IssueCommentEvent,podlove_podlove-publisher,2019-04-18 09:18:52 UTC,,,,,
3632186,IssueCommentEvent,podlove_podlove-publisher,2019-09-04 07:36:04 UTC,,,,,
3699536,IssueCommentEvent,podlove_podlove-publisher,2020-01-04 12:39:44 UTC,,,,,
3706885,IssueCommentEvent,podlove_podlove-publisher,2019-07-07 21:10:55 UTC,,,,,
3755532,IssueCommentEvent,podlove_podlove-publisher,2019-10-10 08:31:30 UTC,,,,,
3760554,IssueCommentEvent,podlove_podlove-publisher,2019-10-10 08:36:51 UTC,,,,,
3780353,IssueCommentEvent,podlove_podlove-publisher,2019-11-24 21:22:18 UTC,,,,,
3816725,IssueCommentEvent,podlove_podlove-publisher,2019-10-10 08:38:28 UTC,,,,,
3817099,IssueCommentEvent,podlove_podlove-publisher,2019-03-27 23:51:45 UTC,,,,,
3819488,IssueCommentEvent,podlove_podlove-publisher,2019-12-10 07:25:49 UTC,,,,,
3822822,IssueCommentEvent,podlove_podlove-publisher,2019-12-03 09:58:15 UTC,,,,,
3833240,IssueCommentEvent,podlove_podlove-publisher,2019-08-27 22:08:31 UTC,,,,,
3847171,IssueCommentEvent,podlove_podlove-publisher,2019-08-21 20:01:50 UTC,,,,,
3859397,IssueCommentEvent,podlove_podlove-publisher,2019-03-23 11:49:41 UTC,,,,,
3867597,IssueCommentEvent,podlove_podlove-publisher,2019-08-25 08:18:01 UTC,,,,,
3892121,IssueCommentEvent,podlove_podlove-publisher,2019-12-03 08:30:45 UTC,,,,,
3924817,IssueCommentEvent,podlove_podlove-publisher,2019-10-22 12:17:05 UTC,,,,,
3937486,IssueCommentEvent,podlove_podlove-publisher,2019-08-23 09:38:36 UTC,,,,,
3944064,IssueCommentEvent,podlove_podlove-publisher,2019-11-14 20:48:57 UTC,,,,,
3967177,IssueCommentEvent,podlove_podlove-publisher,2019-10-21 19:27:13 UTC,,,,,
3984834,IssueCommentEvent,podlove_podlove-publisher,2019-07-24 12:16:01 UTC,,,,,
4071978,IssueCommentEvent,podlove_podlove-publisher,2019-08-21 20:18:53 UTC,,,,,
4078170,IssueCommentEvent,podlove_podlove-publisher,2019-10-21 13:51:07 UTC,,,,,
4093387,IssueCommentEvent,podlove_podlove-publisher,2019-11-14 20:23:21 UTC,,,,,
4123339,IssueCommentEvent,podlove_podlove-publisher,2019-03-27 06:54:45 UTC,,,,,
4136900,IssueCommentEvent,podlove_podlove-publisher,2019-10-21 14:35:23 UTC,,,,,
4146198,IssueCommentEvent,podlove_podlove-publisher,2019-07-24 15:51:04 UTC,,,,,
4160517,IssueCommentEvent,podlove_podlove-publisher,2019-07-26 18:48:44 UTC,,,,,
4162875,IssueCommentEvent,podlove_podlove-publisher,2019-06-30 20:03:41 UTC,,,,,
4173748,IssueCommentEvent,podlove_podlove-publisher,2019-11-24 00:08:51 UTC,,,,,
4214175,IssueCommentEvent,podlove_podlove-publisher,2019-05-26 14:12:27 UTC,,,,,
4237526,IssueCommentEvent,podlove_podlove-publisher,2019-08-21 20:19:23 UTC,,,,,
4259979,IssueCommentEvent,podlove_podlove-publisher,2019-12-10 07:28:07 UTC,,,,,
4306633,IssueCommentEvent,podlove_podlove-publisher,2020-01-04 13:56:57 UTC,,,,,
4395964,IssueCommentEvent,podlove_podlove-publisher,2019-12-09 19:48:59 UTC,,,,,
4459061,IssueCommentEvent,podlove_podlove-publisher,2019-03-06 01:55:03 UTC,,,,,
4521201,IssueCommentEvent,podlove_podlove-publisher,2019-07-24 14:36:08 UTC,,,,,
4530311,IssueCommentEvent,podlove_podlove-publisher,2019-11-18 09:20:55 UTC,,,,,
4537512,IssueCommentEvent,podlove_podlove-publisher,2019-03-23 13:45:22 UTC,,,,,
4550211,IssueCommentEvent,podlove_podlove-publisher,2019-07-24 13:22:14 UTC,,,,,
4559807,IssueCommentEvent,podlove_podlove-publisher,2019-08-21 19:33:33 UTC,,,,,
4563078,IssueCommentEvent,podlove_podlove-publisher,2019-07-08 07:38:33 UTC,,,,,
4574028,IssueCommentEvent,podlove_podlove-publisher,2019-07-24 21:11:15 UTC,,,,,
4592899,IssueCommentEvent,podlove_podlove-publisher,2019-04-26 08:01:16 UTC,,,,,
4620513,IssueCommentEvent,podlove_podlove-publisher,2019-09-03 12:32:33 UTC,,,,,
4635921,IssueCommentEvent,podlove_podlove-publisher,2019-02-05 22:48:04 UTC,,,,,
4641326,IssueCommentEvent,podlove_podlove-publisher,2019-03-23 14:00:02 UTC,,,,,
4685144,IssueCommentEvent,podlove_podlove-publisher,2019-08-23 08:51:10 UTC,,,,,
4708083,IssueCommentEvent,podlove_podlove-publisher,2019-09-06 16:01:09 UTC,,,,,
4725284,IssueCommentEvent,podlove_podlove-publisher,2019-12-14 16:22:11 UTC,,,,,
4747362,IssueCommentEvent,podlove_podlove-publisher,2019-12-09 19:49:29 UTC,,,,,
4761597,IssueCommentEvent,podlove_podlove-publisher,2019-07-24 14:43:19 UTC,,,,,
4777341,IssueCommentEvent,podlove_podlove-publisher,2019-06-07 07:09:05 UTC,,,,,
4828881,IssueCommentEvent,podlove_podlove-publisher,2019-11-14 20:07:06 UTC,,,,,
4841588,IssueCommentEvent,podlove_podlove-publisher,2019-12-03 13:21:07 UTC,,,,,
4848861,IssueCommentEvent,podlove_podlove-publisher,2019-11-07 09:17:17 UTC,,,,,
4881714,IssueCommentEvent,podlove_podlove-publisher,2019-11-15 16:25:14 UTC,,,,,
4915668,IssueCommentEvent,podlove_podlove-publisher,2019-09-06 09:03:02 UTC,,,,,
4927290,IssueCommentEvent,podlove_podlove-publisher,2019-07-24 15:05:30 UTC,,,,,
4933789,IssueCommentEvent,podlove_podlove-publisher,2019-07-28 23:58:50 UTC,,,,,
4968461,IssueCommentEvent,podlove_podlove-publisher,2019-07-08 08:10:04 UTC,,,,,
4980876,IssueCommentEvent,podlove_podlove-publisher,2019-08-23 08:00:25 UTC,,,,,
4988989,IssueCommentEvent,podlove_podlove-publisher,2019-11-14 20:10:02 UTC,,,,,
4992332,IssueCommentEvent,podlove_podlove-publisher,2019-10-23 13:04:47 UTC,,,,,
4996964,IssueCommentEvent,podlove_podlove-publisher,2019-05-08 06:37:26 UTC,,,,,
5119891,IssueCommentEvent,podlove_podlove-publisher,2019-07-24 14:31:36 UTC,,,,,
5151333,IssueCommentEvent,podlove_podlove-publisher,2019-03-24 07:28:34 UTC,,,,,
5179655,IssueCommentEvent,podlove_podlove-publisher,2019-07-24 13:59:54 UTC,,,,,
5184667,IssueCommentEvent,podlove_podlove-publisher,2019-08-23 09:51:42 UTC,,,,,
5194814,IssueCommentEvent,podlove_podlove-publisher,2019-08-28 00:34:30 UTC,,,,,
5205469,IssueCommentEvent,podlove_podlove-publisher,2019-09-16 15:47:33 UTC,,,,,
5312138,IssueCommentEvent,podlove_podlove-publisher,2019-03-26 18:46:05 UTC,,,,,
5318824,IssueCommentEvent,podlove_podlove-publisher,2019-03-22 15:55:20 UTC,,,,,
5319247,IssueCommentEvent,podlove_podlove-publisher,2019-09-14 19:09:13 UTC,,,,,
5343458,IssueCommentEvent,podlove_podlove-publisher,2019-09-06 10:52:06 UTC,,,,,
5369221,IssueCommentEvent,podlove_podlove-publisher,2019-03-11 14:55:53 UTC,,,,,
5370021,IssueCommentEvent,podlove_podlove-publisher,2019-10-07 20:41:04 UTC,,,,,
5373749,IssueCommentEvent,podlove_podlove-publisher,2019-07-24 14:39:07 UTC,,,,,
5387276,IssueCommentEvent,podlove_podlove-publisher,2020-01-09 17:08:09 UTC,,,,,
5444167,IssueCommentEvent,podlove_podlove-publisher,2019-10-21 08:26:38 UTC,,,,,
5479531,IssueCommentEvent,podlove_podlove-publisher,2019-08-14 14:34:49 UTC,,,,,
5500241,IssueCommentEvent,podlove_podlove-publisher,2019-10-10 08:35:36 UTC,,,,,
5518016,IssueCommentEvent,podlove_podlove-publisher,2019-08-27 23:44:48 UTC,,,,,
5590096,IssueCommentEvent,podlove_podlove-publisher,2019-12-04 06:31:12 UTC,,,,,
5596092,IssueCommentEvent,podlove_podlove-publisher,2019-09-03 12:27:48 UTC,,,,,
5660489,PullRequestReviewCommentEvent,podlove_podlove-publisher,2019-07-25 11:04:15 UTC,,,,,
5829926,PullRequestReviewCommentEvent,podlove_podlove-publisher,2019-08-31 22:39:51 UTC,,,,,
5876325,PullRequestReviewCommentEvent,podlove_podlove-publisher,2019-08-31 23:07:23 UTC,,,,,
5964989,PullRequestReviewCommentEvent,podlove_podlove-publisher,2019-09-02 19:30:45 UTC,,,,,
5998744,PullRequestReviewCommentEvent,podlove_podlove-publisher,2019-08-31 14:05:32 UTC,,,,,
6093162,PullRequestReviewCommentEvent,podlove_podlove-publisher,2019-07-25 11:05:33 UTC,,,,,
6100170,PullRequestReviewCommentEvent,podlove_podlove-publisher,2019-07-25 11:07:31 UTC,,,,,
6174114,PullRequestReviewCommentEvent,podlove_podlove-publisher,2019-08-31 22:36:11 UTC,,,,,
0,forks,podlove_podlove-publisher,2012-07-12 23:52:53+00:00,,,,,
1,forks,podlove_podlove-publisher,2012-09-22 20:01:13+00:00,,,,,
2,forks,podlove_podlove-publisher,2012-09-25 00:57:41+00:00,,,,,
3,forks,podlove_podlove-publisher,2012-10-16 19:20:43+00:00,,,,,
4,forks,podlove_podlove-publisher,2012-11-10 12:53:05+00:00,,,,,
5,forks,podlove_podlove-publisher,2012-11-12 14:30:31+00:00,,,,,
6,forks,podlove_podlove-publisher,2012-12-12 15:32:54+00:00,,,,,
7,forks,podlove_podlove-publisher,2013-01-30 13:16:15+00:00,,,,,
8,forks,podlove_podlove-publisher,2013-03-16 15:27:43+00:00,,,,,
9,forks,podlove_podlove-publisher,2013-03-30 23:30:19+00:00,,,,,
10,forks,podlove_podlove-publisher,2013-05-05 09:00:39+00:00,,,,,
11,forks,podlove_podlove-publisher,2013-05-07 13:25:18+00:00,,,,,
12,forks,podlove_podlove-publisher,2013-06-25 15:36:22+00:00,,,,,
13,forks,podlove_podlove-publisher,2013-08-05 19:38:54+00:00,,,,,
14,forks,podlove_podlove-publisher,2013-09-23 18:38:23+00:00,,,,,
15,forks,podlove_podlove-publisher,2014-01-01 01:40:29+00:00,,,,,
16,forks,podlove_podlove-publisher,2014-01-02 19:34:55+00:00,,,,,
17,forks,podlove_podlove-publisher,2014-03-08 16:00:24+00:00,,,,,
18,forks,podlove_podlove-publisher,2014-03-22 07:30:04+00:00,,,,,
19,forks,podlove_podlove-publisher,2014-04-21 13:50:58+00:00,,,,,
20,forks,podlove_podlove-publisher,2014-05-04 20:20:26+00:00,,,,,
21,forks,podlove_podlove-publisher,2014-06-30 09:20:40+00:00,,,,,
22,forks,podlove_podlove-publisher,2014-08-07 13:41:19+00:00,,,,,
23,forks,podlove_podlove-publisher,2014-10-03 02:06:31+00:00,,,,,
24,forks,podlove_podlove-publisher,2014-12-07 20:55:32+00:00,,,,,
25,forks,podlove_podlove-publisher,2015-01-13 09:16:59+00:00,,,,,
26,forks,podlove_podlove-publisher,2015-03-02 19:13:42+00:00,,,,,
27,forks,podlove_podlove-publisher,2015-03-05 16:41:56+00:00,,,,,
28,forks,podlove_podlove-publisher,2015-03-08 11:26:01+00:00,,,,,
29,forks,podlove_podlove-publisher,2015-04-16 07:08:41+00:00,,,,,
30,forks,podlove_podlove-publisher,2015-10-24 21:40:06+00:00,,,,,
31,forks,podlove_podlove-publisher,2015-12-19 11:51:23+00:00,,,,,
32,forks,podlove_podlove-publisher,2016-01-14 06:05:14+00:00,,,,,
33,forks,podlove_podlove-publisher,2016-01-17 21:09:46+00:00,,,,,
34,forks,podlove_podlove-publisher,2016-02-21 21:08:27+00:00,,,,,
35,forks,podlove_podlove-publisher,2016-04-11 19:35:20+00:00,,,,,
36,forks,podlove_podlove-publisher,2016-04-29 03:06:20+00:00,,,,,
37,forks,podlove_podlove-publisher,2016-08-23 19:17:20+00:00,,,,,
38,forks,podlove_podlove-publisher,2016-09-18 21:35:24+00:00,,,,,
39,forks,podlove_podlove-publisher,2016-11-18 11:47:33+00:00,,,,,
40,forks,podlove_podlove-publisher,2016-11-18 12:46:16+00:00,,,,,
41,forks,podlove_podlove-publisher,2016-12-30 20:37:38+00:00,,,,,
42,forks,podlove_podlove-publisher,2017-01-16 11:27:43+00:00,,,,,
43,forks,podlove_podlove-publisher,2017-03-01 00:53:19+00:00,,,,,
44,forks,podlove_podlove-publisher,2017-04-09 19:02:10+00:00,,,,,
45,forks,podlove_podlove-publisher,2017-05-18 21:28:33+00:00,,,,,
46,forks,podlove_podlove-publisher,2017-07-16 12:59:54+00:00,,,,,
47,forks,podlove_podlove-publisher,2017-08-10 16:20:59+00:00,,,,,
48,forks,podlove_podlove-publisher,2017-11-24 10:15:38+00:00,,,,,
49,forks,podlove_podlove-publisher,2018-01-13 15:58:49+00:00,,,,,
50,forks,podlove_podlove-publisher,2018-07-20 13:15:29+00:00,,,,,
51,forks,podlove_podlove-publisher,2018-09-15 10:49:50+00:00,,,,,
52,forks,podlove_podlove-publisher,2018-09-26 11:08:25+00:00,,,,,
53,forks,podlove_podlove-publisher,2018-10-08 14:44:39+00:00,,,,,
54,forks,podlove_podlove-publisher,2018-12-18 15:16:19+00:00,,,,,
55,forks,podlove_podlove-publisher,2019-06-07 02:32:24+00:00,,,,,
56,forks,podlove_podlove-publisher,2019-07-18 11:00:01+00:00,,,,,
57,forks,podlove_podlove-publisher,2019-07-21 15:57:12+00:00,,,,,
58,forks,podlove_podlove-publisher,2019-12-01 08:15:10+00:00,,,,,
59,forks,podlove_podlove-publisher,2020-02-22 23:09:40+00:00,,,,,
60,forks,podlove_podlove-publisher,2020-05-30 15:40:38+00:00,,,,,
61,forks,podlove_podlove-publisher,2020-06-03 23:27:26+00:00,,,,,
62,forks,podlove_podlove-publisher,2020-06-26 21:32:31+00:00,,,,,
63,forks,podlove_podlove-publisher,2020-07-10 16:12:01+00:00,,,,,
64,forks,podlove_podlove-publisher,2020-07-26 08:26:20+00:00,,,,,
65,forks,podlove_podlove-publisher,2020-09-15 13:36:54+00:00,,,,,
66,forks,podlove_podlove-publisher,2020-10-31 12:56:24+00:00,,,,,
67,forks,podlove_podlove-publisher,2020-11-01 23:13:28+00:00,,,,,
68,forks,podlove_podlove-publisher,2020-12-01 11:07:44+00:00,,,,,
69,forks,podlove_podlove-publisher,2020-12-28 14:50:27+00:00,,,,,
70,forks,podlove_podlove-publisher,2021-02-28 06:41:03+00:00,,,,,
71,forks,podlove_podlove-publisher,2021-04-17 18:20:48+00:00,,,,,
72,forks,podlove_podlove-publisher,2021-09-18 18:28:04+00:00,,,,,
73,forks,podlove_podlove-publisher,2021-09-23 23:41:58+00:00,,,,,
74,forks,podlove_podlove-publisher,2022-01-19 02:30:03+00:00,,,,,
0,issues,podlove_podlove-publisher,2013-03-02 15:20:52+00:00,,,,,
1,issues,podlove_podlove-publisher,2013-03-04 17:12:54+00:00,,,,,
2,issues,podlove_podlove-publisher,2013-03-04 17:38:51+00:00,,,,,
3,issues,podlove_podlove-publisher,2013-03-04 18:36:53+00:00,,,,,
4,issues,podlove_podlove-publisher,2013-03-04 21:32:08+00:00,,,,,
5,issues,podlove_podlove-publisher,2013-03-05 10:01:09+00:00,,,,,
6,issues,podlove_podlove-publisher,2013-03-06 10:50:35+00:00,,,,,
7,issues,podlove_podlove-publisher,2013-03-08 11:04:12+00:00,,,,,
8,issues,podlove_podlove-publisher,2013-03-09 17:38:14+00:00,,,,,
9,issues,podlove_podlove-publisher,2013-03-11 19:31:55+00:00,,,,,
10,issues,podlove_podlove-publisher,2013-03-12 16:21:29+00:00,,,,,
11,issues,podlove_podlove-publisher,2013-03-12 17:08:48+00:00,,,,,
12,issues,podlove_podlove-publisher,2013-03-14 19:51:21+00:00,,,,,
13,issues,podlove_podlove-publisher,2013-03-15 14:57:35+00:00,,,,,
14,issues,podlove_podlove-publisher,2013-03-23 09:38:09+00:00,,,,,
15,issues,podlove_podlove-publisher,2013-03-24 21:22:49+00:00,,,,,
16,issues,podlove_podlove-publisher,2013-03-27 09:55:31+00:00,,,,,
17,issues,podlove_podlove-publisher,2013-04-06 07:17:28+00:00,,,,,
18,issues,podlove_podlove-publisher,2013-04-10 10:32:48+00:00,,,,,
19,issues,podlove_podlove-publisher,2013-04-10 11:19:05+00:00,,,,,
20,issues,podlove_podlove-publisher,2013-04-10 19:36:24+00:00,,,,,
21,issues,podlove_podlove-publisher,2013-04-11 08:06:14+00:00,,,,,
22,issues,podlove_podlove-publisher,2013-04-13 16:55:24+00:00,,,,,
23,issues,podlove_podlove-publisher,2013-04-13 20:21:44+00:00,,,,,
24,issues,podlove_podlove-publisher,2013-04-14 14:39:16+00:00,,,,,
25,issues,podlove_podlove-publisher,2013-04-14 19:18:24+00:00,,,,,
26,issues,podlove_podlove-publisher,2013-04-14 20:30:35+00:00,,,,,
27,issues,podlove_podlove-publisher,2013-04-15 09:34:13+00:00,,,,,
28,issues,podlove_podlove-publisher,2013-04-15 12:07:24+00:00,,,,,
29,issues,podlove_podlove-publisher,2013-04-16 07:18:41+00:00,,,,,
30,issues,podlove_podlove-publisher,2013-04-17 18:56:50+00:00,,,,,
31,issues,podlove_podlove-publisher,2013-04-17 21:16:22+00:00,,,,,
32,issues,podlove_podlove-publisher,2013-04-20 17:46:17+00:00,,,,,
33,issues,podlove_podlove-publisher,2013-04-20 19:15:12+00:00,,,,,
34,issues,podlove_podlove-publisher,2013-04-22 11:47:38+00:00,,,,,
35,issues,podlove_podlove-publisher,2013-04-22 16:05:11+00:00,,,,,
36,issues,podlove_podlove-publisher,2013-04-23 10:18:23+00:00,,,,,
37,issues,podlove_podlove-publisher,2013-04-24 16:26:38+00:00,,,,,
38,issues,podlove_podlove-publisher,2013-04-25 04:25:41+00:00,,,,,
39,issues,podlove_podlove-publisher,2013-04-25 10:19:46+00:00,,,,,
40,issues,podlove_podlove-publisher,2013-04-29 08:19:16+00:00,,,,,
41,issues,podlove_podlove-publisher,2013-04-29 09:37:03+00:00,,,,,
42,issues,podlove_podlove-publisher,2013-04-29 09:45:38+00:00,,,,,
43,issues,podlove_podlove-publisher,2013-04-30 09:37:54+00:00,,,,,
44,issues,podlove_podlove-publisher,2013-04-30 17:47:59+00:00,,,,,
45,issues,podlove_podlove-publisher,2013-05-01 10:13:31+00:00,,,,,
46,issues,podlove_podlove-publisher,2013-05-01 13:03:20+00:00,,,,,
47,issues,podlove_podlove-publisher,2013-05-01 22:01:02+00:00,,,,,
48,issues,podlove_podlove-publisher,2013-05-02 12:18:24+00:00,,,,,
49,issues,podlove_podlove-publisher,2013-05-03 17:09:30+00:00,,,,,
50,issues,podlove_podlove-publisher,2013-05-05 08:21:01+00:00,,,,,
51,issues,podlove_podlove-publisher,2013-05-05 12:26:49+00:00,,,,,
52,issues,podlove_podlove-publisher,2013-05-05 12:53:48+00:00,,,,,
53,issues,podlove_podlove-publisher,2013-05-06 14:17:34+00:00,,,,,
54,issues,podlove_podlove-publisher,2013-05-07 09:19:19+00:00,,,,,
55,issues,podlove_podlove-publisher,2013-05-09 09:48:18+00:00,,,,,
56,issues,podlove_podlove-publisher,2013-05-10 21:47:29+00:00,,,,,
57,issues,podlove_podlove-publisher,2013-05-11 12:54:52+00:00,,,,,
58,issues,podlove_podlove-publisher,2013-05-12 08:42:16+00:00,,,,,
59,issues,podlove_podlove-publisher,2013-05-12 17:07:00+00:00,,,,,
60,issues,podlove_podlove-publisher,2013-05-12 20:12:49+00:00,,,,,
61,issues,podlove_podlove-publisher,2013-05-13 01:21:29+00:00,,,,,
62,issues,podlove_podlove-publisher,2013-05-13 08:04:11+00:00,,,,,
63,issues,podlove_podlove-publisher,2013-05-13 11:42:41+00:00,,,,,
64,issues,podlove_podlove-publisher,2013-05-13 20:21:25+00:00,,,,,
65,issues,podlove_podlove-publisher,2013-05-14 17:47:52+00:00,,,,,
66,issues,podlove_podlove-publisher,2013-05-14 17:57:19+00:00,,,,,
67,issues,podlove_podlove-publisher,2013-05-15 16:48:33+00:00,,,,,
68,issues,podlove_podlove-publisher,2013-05-16 19:22:20+00:00,,,,,
69,issues,podlove_podlove-publisher,2013-05-17 21:11:12+00:00,,,,,
70,issues,podlove_podlove-publisher,2013-05-18 21:13:39+00:00,,,,,
71,issues,podlove_podlove-publisher,2013-05-19 08:15:36+00:00,,,,,
72,issues,podlove_podlove-publisher,2013-05-19 10:41:22+00:00,,,,,
73,issues,podlove_podlove-publisher,2013-05-19 19:09:58+00:00,,,,,
74,issues,podlove_podlove-publisher,2013-05-19 19:13:22+00:00,,,,,
75,issues,podlove_podlove-publisher,2013-05-20 11:45:06+00:00,,,,,
76,issues,podlove_podlove-publisher,2013-05-22 10:42:39+00:00,,,,,
77,issues,podlove_podlove-publisher,2013-05-23 10:47:46+00:00,,,,,
78,issues,podlove_podlove-publisher,2013-05-29 09:21:54+00:00,,,,,
79,issues,podlove_podlove-publisher,2013-05-29 14:31:09+00:00,,,,,
80,issues,podlove_podlove-publisher,2013-05-29 21:03:19+00:00,,,,,
81,issues,podlove_podlove-publisher,2013-05-30 12:33:00+00:00,,,,,
82,issues,podlove_podlove-publisher,2013-05-30 15:11:28+00:00,,,,,
83,issues,podlove_podlove-publisher,2013-05-30 19:29:36+00:00,,,,,
84,issues,podlove_podlove-publisher,2013-05-31 09:26:04+00:00,,,,,
85,issues,podlove_podlove-publisher,2013-05-31 09:50:36+00:00,,,,,
86,issues,podlove_podlove-publisher,2013-05-31 15:44:25+00:00,,,,,
87,issues,podlove_podlove-publisher,2013-06-02 13:13:40+00:00,,,,,
88,issues,podlove_podlove-publisher,2013-06-02 13:15:27+00:00,,,,,
89,issues,podlove_podlove-publisher,2013-06-02 21:11:11+00:00,,,,,
90,issues,podlove_podlove-publisher,2013-06-03 10:41:18+00:00,,,,,
91,issues,podlove_podlove-publisher,2013-06-03 13:51:21+00:00,,,,,
92,issues,podlove_podlove-publisher,2013-06-04 09:12:18+00:00,,,,,
93,issues,podlove_podlove-publisher,2013-06-06 10:49:00+00:00,,,,,
94,issues,podlove_podlove-publisher,2013-06-07 18:28:32+00:00,,,,,
95,issues,podlove_podlove-publisher,2013-06-08 08:33:10+00:00,,,,,
96,issues,podlove_podlove-publisher,2013-06-08 08:41:41+00:00,,,,,
97,issues,podlove_podlove-publisher,2013-06-16 17:59:48+00:00,,,,,
98,issues,podlove_podlove-publisher,2013-06-17 08:32:24+00:00,,,,,
99,issues,podlove_podlove-publisher,2013-06-17 09:58:34+00:00,,,,,
100,issues,podlove_podlove-publisher,2013-06-17 11:55:42+00:00,,,,,
101,issues,podlove_podlove-publisher,2013-06-17 17:43:07+00:00,,,,,
102,issues,podlove_podlove-publisher,2013-06-17 21:20:35+00:00,,,,,
103,issues,podlove_podlove-publisher,2013-06-18 06:14:17+00:00,,,,,
104,issues,podlove_podlove-publisher,2013-06-20 07:46:49+00:00,,,,,
105,issues,podlove_podlove-publisher,2013-06-20 08:32:51+00:00,,,,,
106,issues,podlove_podlove-publisher,2013-06-22 17:42:17+00:00,,,,,
107,issues,podlove_podlove-publisher,2013-06-24 16:14:56+00:00,,,,,
108,issues,podlove_podlove-publisher,2013-06-24 17:33:28+00:00,,,,,
109,issues,podlove_podlove-publisher,2013-06-25 06:02:23+00:00,,,,,
110,issues,podlove_podlove-publisher,2013-06-25 18:30:07+00:00,,,,,
111,issues,podlove_podlove-publisher,2013-06-25 22:55:30+00:00,,,,,
112,issues,podlove_podlove-publisher,2013-06-26 21:10:03+00:00,,,,,
113,issues,podlove_podlove-publisher,2013-06-27 22:06:39+00:00,,,,,
114,issues,podlove_podlove-publisher,2013-06-28 08:17:47+00:00,,,,,
115,issues,podlove_podlove-publisher,2013-06-28 18:44:20+00:00,,,,,
116,issues,podlove_podlove-publisher,2013-06-29 10:24:00+00:00,,,,,
117,issues,podlove_podlove-publisher,2013-06-30 09:05:40+00:00,,,,,
118,issues,podlove_podlove-publisher,2013-06-30 12:32:54+00:00,,,,,
119,issues,podlove_podlove-publisher,2013-06-30 23:10:41+00:00,,,,,
120,issues,podlove_podlove-publisher,2013-07-04 07:24:26+00:00,,,,,
121,issues,podlove_podlove-publisher,2013-07-04 15:35:27+00:00,,,,,
122,issues,podlove_podlove-publisher,2013-07-05 09:05:46+00:00,,,,,
123,issues,podlove_podlove-publisher,2013-07-06 08:44:07+00:00,,,,,
124,issues,podlove_podlove-publisher,2013-07-06 11:31:01+00:00,,,,,
125,issues,podlove_podlove-publisher,2013-07-06 11:53:35+00:00,,,,,
126,issues,podlove_podlove-publisher,2013-07-06 15:45:46+00:00,,,,,
127,issues,podlove_podlove-publisher,2013-07-09 11:28:46+00:00,,,,,
128,issues,podlove_podlove-publisher,2013-07-09 12:19:54+00:00,,,,,
129,issues,podlove_podlove-publisher,2013-07-09 12:37:03+00:00,,,,,
130,issues,podlove_podlove-publisher,2013-07-09 12:39:17+00:00,,,,,
131,issues,podlove_podlove-publisher,2013-07-09 19:10:11+00:00,,,,,
132,issues,podlove_podlove-publisher,2013-07-10 23:53:46+00:00,,,,,
133,issues,podlove_podlove-publisher,2013-07-11 11:16:56+00:00,,,,,
134,issues,podlove_podlove-publisher,2013-07-11 22:14:27+00:00,,,,,
135,issues,podlove_podlove-publisher,2013-07-12 11:31:40+00:00,,,,,
136,issues,podlove_podlove-publisher,2013-07-14 09:55:59+00:00,,,,,
137,issues,podlove_podlove-publisher,2013-07-15 11:25:59+00:00,,,,,
138,issues,podlove_podlove-publisher,2013-07-17 06:24:18+00:00,,,,,
139,issues,podlove_podlove-publisher,2013-07-17 14:41:51+00:00,,,,,
140,issues,podlove_podlove-publisher,2013-07-17 19:09:13+00:00,,,,,
141,issues,podlove_podlove-publisher,2013-07-17 19:40:19+00:00,,,,,
142,issues,podlove_podlove-publisher,2013-07-17 20:59:17+00:00,,,,,
143,issues,podlove_podlove-publisher,2013-07-18 06:24:54+00:00,,,,,
144,issues,podlove_podlove-publisher,2013-07-18 07:38:17+00:00,,,,,
145,issues,podlove_podlove-publisher,2013-07-20 23:17:31+00:00,,,,,
146,issues,podlove_podlove-publisher,2013-07-21 12:35:15+00:00,,,,,
147,issues,podlove_podlove-publisher,2013-07-23 14:08:09+00:00,,,,,
148,issues,podlove_podlove-publisher,2013-07-24 12:30:12+00:00,,,,,
149,issues,podlove_podlove-publisher,2013-07-27 16:37:39+00:00,,,,,
150,issues,podlove_podlove-publisher,2013-07-29 16:37:27+00:00,,,,,
151,issues,podlove_podlove-publisher,2013-07-31 21:36:45+00:00,,,,,
152,issues,podlove_podlove-publisher,2013-08-01 09:02:51+00:00,,,,,
153,issues,podlove_podlove-publisher,2013-08-01 10:02:27+00:00,,,,,
154,issues,podlove_podlove-publisher,2013-08-02 18:48:42+00:00,,,,,
155,issues,podlove_podlove-publisher,2013-08-02 19:40:46+00:00,,,,,
156,issues,podlove_podlove-publisher,2013-08-05 20:31:47+00:00,,,,,
157,issues,podlove_podlove-publisher,2013-08-06 17:04:10+00:00,,,,,
158,issues,podlove_podlove-publisher,2013-08-08 21:03:12+00:00,,,,,
159,issues,podlove_podlove-publisher,2013-08-10 05:16:16+00:00,,,,,
160,issues,podlove_podlove-publisher,2013-08-10 12:03:25+00:00,,,,,
161,issues,podlove_podlove-publisher,2013-08-11 00:26:58+00:00,,,,,
162,issues,podlove_podlove-publisher,2013-08-13 06:53:12+00:00,,,,,
163,issues,podlove_podlove-publisher,2013-08-13 11:32:56+00:00,,,,,
164,issues,podlove_podlove-publisher,2013-08-13 20:14:23+00:00,,,,,
165,issues,podlove_podlove-publisher,2013-08-16 13:35:41+00:00,,,,,
166,issues,podlove_podlove-publisher,2013-08-16 16:42:19+00:00,,,,,
167,issues,podlove_podlove-publisher,2013-08-17 11:39:28+00:00,,,,,
168,issues,podlove_podlove-publisher,2013-08-19 07:52:46+00:00,,,,,
169,issues,podlove_podlove-publisher,2013-08-20 20:06:47+00:00,,,,,
170,issues,podlove_podlove-publisher,2013-08-21 09:18:11+00:00,,,,,
171,issues,podlove_podlove-publisher,2013-08-21 12:47:12+00:00,,,,,
172,issues,podlove_podlove-publisher,2013-08-21 16:53:10+00:00,,,,,
173,issues,podlove_podlove-publisher,2013-08-23 17:09:56+00:00,,,,,
174,issues,podlove_podlove-publisher,2013-08-25 18:12:32+00:00,,,,,
175,issues,podlove_podlove-publisher,2013-08-27 11:28:56+00:00,,,,,
176,issues,podlove_podlove-publisher,2013-08-29 21:11:11+00:00,,,,,
177,issues,podlove_podlove-publisher,2013-09-03 16:24:03+00:00,,,,,
178,issues,podlove_podlove-publisher,2013-09-06 09:56:31+00:00,,,,,
179,issues,podlove_podlove-publisher,2013-09-07 09:36:17+00:00,,,,,
180,issues,podlove_podlove-publisher,2013-09-08 09:07:05+00:00,,,,,
181,issues,podlove_podlove-publisher,2013-09-08 13:45:38+00:00,,,,,
182,issues,podlove_podlove-publisher,2013-09-13 05:32:05+00:00,,,,,
183,issues,podlove_podlove-publisher,2013-09-13 12:21:42+00:00,,,,,
184,issues,podlove_podlove-publisher,2013-09-13 15:09:08+00:00,,,,,
185,issues,podlove_podlove-publisher,2013-09-14 00:41:44+00:00,,,,,
186,issues,podlove_podlove-publisher,2013-09-17 17:39:25+00:00,,,,,
187,issues,podlove_podlove-publisher,2013-09-20 07:46:10+00:00,,,,,
188,issues,podlove_podlove-publisher,2013-09-23 12:00:27+00:00,,,,,
189,issues,podlove_podlove-publisher,2013-09-23 20:40:21+00:00,,,,,
190,issues,podlove_podlove-publisher,2013-09-23 21:27:25+00:00,,,,,
191,issues,podlove_podlove-publisher,2013-09-24 01:03:26+00:00,,,,,
192,issues,podlove_podlove-publisher,2013-09-29 16:13:32+00:00,,,,,
193,issues,podlove_podlove-publisher,2013-10-01 12:05:28+00:00,,,,,
194,issues,podlove_podlove-publisher,2013-10-01 12:08:34+00:00,,,,,
195,issues,podlove_podlove-publisher,2013-10-02 10:42:07+00:00,,,,,
196,issues,podlove_podlove-publisher,2013-10-12 08:25:52+00:00,,,,,
197,issues,podlove_podlove-publisher,2013-10-17 20:47:00+00:00,,,,,
198,issues,podlove_podlove-publisher,2013-10-18 10:46:31+00:00,,,,,
199,issues,podlove_podlove-publisher,2013-10-20 13:54:28+00:00,,,,,
200,issues,podlove_podlove-publisher,2013-10-21 14:52:39+00:00,,,,,
201,issues,podlove_podlove-publisher,2013-10-25 05:36:37+00:00,,,,,
202,issues,podlove_podlove-publisher,2013-10-29 23:53:06+00:00,,,,,
203,issues,podlove_podlove-publisher,2013-10-30 13:19:17+00:00,,,,,
204,issues,podlove_podlove-publisher,2013-11-01 17:50:13+00:00,,,,,
205,issues,podlove_podlove-publisher,2013-11-01 17:52:33+00:00,,,,,
206,issues,podlove_podlove-publisher,2013-11-01 17:55:35+00:00,,,,,
207,issues,podlove_podlove-publisher,2013-11-05 09:06:40+00:00,,,,,
208,issues,podlove_podlove-publisher,2013-11-08 10:13:07+00:00,,,,,
209,issues,podlove_podlove-publisher,2013-11-14 10:43:10+00:00,,,,,
210,issues,podlove_podlove-publisher,2013-11-16 10:59:37+00:00,,,,,
211,issues,podlove_podlove-publisher,2013-11-27 10:51:26+00:00,,,,,
212,issues,podlove_podlove-publisher,2013-11-30 09:10:40+00:00,,,,,
213,issues,podlove_podlove-publisher,2013-12-01 11:14:01+00:00,,,,,
214,issues,podlove_podlove-publisher,2013-12-01 12:55:05+00:00,,,,,
215,issues,podlove_podlove-publisher,2013-12-01 14:19:51+00:00,,,,,
216,issues,podlove_podlove-publisher,2013-12-01 14:35:13+00:00,,,,,
217,issues,podlove_podlove-publisher,2013-12-02 08:13:33+00:00,,,,,
218,issues,podlove_podlove-publisher,2013-12-02 10:30:08+00:00,,,,,
219,issues,podlove_podlove-publisher,2013-12-03 09:11:10+00:00,,,,,
220,issues,podlove_podlove-publisher,2013-12-03 11:54:00+00:00,,,,,
221,issues,podlove_podlove-publisher,2013-12-04 12:42:31+00:00,,,,,
222,issues,podlove_podlove-publisher,2013-12-06 02:01:20+00:00,,,,,
223,issues,podlove_podlove-publisher,2013-12-06 02:41:09+00:00,,,,,
224,issues,podlove_podlove-publisher,2013-12-06 02:42:40+00:00,,,,,
225,issues,podlove_podlove-publisher,2013-12-07 10:44:02+00:00,,,,,
226,issues,podlove_podlove-publisher,2013-12-08 20:03:28+00:00,,,,,
227,issues,podlove_podlove-publisher,2013-12-10 07:50:06+00:00,,,,,
228,issues,podlove_podlove-publisher,2013-12-11 09:27:14+00:00,,,,,
229,issues,podlove_podlove-publisher,2013-12-11 11:41:25+00:00,,,,,
230,issues,podlove_podlove-publisher,2013-12-11 11:47:47+00:00,,,,,
231,issues,podlove_podlove-publisher,2013-12-14 09:37:54+00:00,,,,,
232,issues,podlove_podlove-publisher,2013-12-15 10:01:40+00:00,,,,,
233,issues,podlove_podlove-publisher,2013-12-15 18:10:42+00:00,,,,,
234,issues,podlove_podlove-publisher,2013-12-17 03:03:45+00:00,,,,,
235,issues,podlove_podlove-publisher,2013-12-17 09:46:12+00:00,,,,,
236,issues,podlove_podlove-publisher,2013-12-20 22:47:16+00:00,,,,,
237,issues,podlove_podlove-publisher,2013-12-21 10:05:22+00:00,,,,,
238,issues,podlove_podlove-publisher,2013-12-23 12:02:11+00:00,,,,,
239,issues,podlove_podlove-publisher,2013-12-26 16:44:47+00:00,,,,,
240,issues,podlove_podlove-publisher,2013-12-30 16:08:24+00:00,,,,,
241,issues,podlove_podlove-publisher,2014-01-01 07:03:14+00:00,,,,,
242,issues,podlove_podlove-publisher,2014-01-01 22:23:12+00:00,,,,,
243,issues,podlove_podlove-publisher,2014-01-02 10:55:51+00:00,,,,,
244,issues,podlove_podlove-publisher,2014-01-03 19:25:11+00:00,,,,,
245,issues,podlove_podlove-publisher,2014-01-05 22:16:03+00:00,,,,,
246,issues,podlove_podlove-publisher,2014-01-06 15:20:18+00:00,,,,,
247,issues,podlove_podlove-publisher,2014-01-06 20:36:52+00:00,,,,,
248,issues,podlove_podlove-publisher,2014-01-07 21:28:48+00:00,,,,,
249,issues,podlove_podlove-publisher,2014-01-13 14:41:47+00:00,,,,,
250,issues,podlove_podlove-publisher,2014-01-14 17:27:30+00:00,,,,,
251,issues,podlove_podlove-publisher,2014-01-15 09:57:58+00:00,,,,,
252,issues,podlove_podlove-publisher,2014-01-15 12:18:33+00:00,,,,,
253,issues,podlove_podlove-publisher,2014-01-16 07:36:25+00:00,,,,,
254,issues,podlove_podlove-publisher,2014-01-16 18:32:14+00:00,,,,,
255,issues,podlove_podlove-publisher,2014-01-21 17:27:50+00:00,,,,,
256,issues,podlove_podlove-publisher,2014-01-23 09:24:53+00:00,,,,,
257,issues,podlove_podlove-publisher,2014-01-31 13:23:57+00:00,,,,,
258,issues,podlove_podlove-publisher,2014-02-02 11:58:39+00:00,,,,,
259,issues,podlove_podlove-publisher,2014-02-03 18:31:54+00:00,,,,,
260,issues,podlove_podlove-publisher,2014-02-04 16:35:00+00:00,,,,,
261,issues,podlove_podlove-publisher,2014-02-10 12:38:52+00:00,,,,,
262,issues,podlove_podlove-publisher,2014-02-19 10:04:01+00:00,,,,,
263,issues,podlove_podlove-publisher,2014-02-19 22:55:31+00:00,,,,,
264,issues,podlove_podlove-publisher,2014-02-21 13:27:49+00:00,,,,,
265,issues,podlove_podlove-publisher,2014-02-23 14:10:52+00:00,,,,,
266,issues,podlove_podlove-publisher,2014-02-26 10:45:02+00:00,,,,,
267,issues,podlove_podlove-publisher,2014-03-01 20:12:06+00:00,,,,,
268,issues,podlove_podlove-publisher,2014-03-04 14:49:06+00:00,,,,,
269,issues,podlove_podlove-publisher,2014-03-05 14:51:24+00:00,,,,,
270,issues,podlove_podlove-publisher,2014-03-06 03:01:07+00:00,,,,,
271,issues,podlove_podlove-publisher,2014-03-06 13:43:17+00:00,,,,,
272,issues,podlove_podlove-publisher,2014-03-07 10:52:02+00:00,,,,,
273,issues,podlove_podlove-publisher,2014-03-10 19:11:25+00:00,,,,,
274,issues,podlove_podlove-publisher,2014-03-10 19:51:43+00:00,,,,,
275,issues,podlove_podlove-publisher,2014-03-10 21:02:18+00:00,,,,,
276,issues,podlove_podlove-publisher,2014-03-11 14:11:21+00:00,,,,,
277,issues,podlove_podlove-publisher,2014-03-11 16:42:34+00:00,,,,,
278,issues,podlove_podlove-publisher,2014-03-11 16:58:16+00:00,,,,,
279,issues,podlove_podlove-publisher,2014-03-11 20:24:33+00:00,,,,,
280,issues,podlove_podlove-publisher,2014-03-11 20:34:33+00:00,,,,,
281,issues,podlove_podlove-publisher,2014-03-11 20:50:19+00:00,,,,,
282,issues,podlove_podlove-publisher,2014-03-12 11:43:34+00:00,,,,,
283,issues,podlove_podlove-publisher,2014-03-12 14:55:19+00:00,,,,,
284,issues,podlove_podlove-publisher,2014-03-12 17:22:40+00:00,,,,,
285,issues,podlove_podlove-publisher,2014-03-12 17:40:20+00:00,,,,,
286,issues,podlove_podlove-publisher,2014-03-12 20:42:52+00:00,,,,,
287,issues,podlove_podlove-publisher,2014-03-13 14:02:41+00:00,,,,,
288,issues,podlove_podlove-publisher,2014-03-13 17:42:00+00:00,,,,,
289,issues,podlove_podlove-publisher,2014-03-13 19:24:09+00:00,,,,,
290,issues,podlove_podlove-publisher,2014-03-14 06:40:49+00:00,,,,,
291,issues,podlove_podlove-publisher,2014-03-14 07:36:47+00:00,,,,,
292,issues,podlove_podlove-publisher,2014-03-14 09:17:17+00:00,,,,,
293,issues,podlove_podlove-publisher,2014-03-16 20:25:59+00:00,,,,,
294,issues,podlove_podlove-publisher,2014-03-16 21:36:35+00:00,,,,,
295,issues,podlove_podlove-publisher,2014-03-16 22:29:10+00:00,,,,,
296,issues,podlove_podlove-publisher,2014-03-17 05:40:02+00:00,,,,,
297,issues,podlove_podlove-publisher,2014-03-18 13:24:37+00:00,,,,,
298,issues,podlove_podlove-publisher,2014-03-20 12:15:14+00:00,,,,,
299,issues,podlove_podlove-publisher,2014-03-21 12:15:24+00:00,,,,,
300,issues,podlove_podlove-publisher,2014-03-21 20:00:42+00:00,,,,,
301,issues,podlove_podlove-publisher,2014-03-22 07:02:34+00:00,,,,,
302,issues,podlove_podlove-publisher,2014-03-22 19:47:50+00:00,,,,,
303,issues,podlove_podlove-publisher,2014-03-23 12:31:20+00:00,,,,,
304,issues,podlove_podlove-publisher,2014-03-26 17:12:17+00:00,,,,,
305,issues,podlove_podlove-publisher,2014-03-26 19:42:03+00:00,,,,,
306,issues,podlove_podlove-publisher,2014-03-27 11:24:15+00:00,,,,,
307,issues,podlove_podlove-publisher,2014-03-29 03:30:07+00:00,,,,,
308,issues,podlove_podlove-publisher,2014-03-30 23:16:42+00:00,,,,,
309,issues,podlove_podlove-publisher,2014-04-01 19:55:42+00:00,,,,,
310,issues,podlove_podlove-publisher,2014-04-02 09:40:48+00:00,,,,,
311,issues,podlove_podlove-publisher,2014-04-03 02:19:35+00:00,,,,,
312,issues,podlove_podlove-publisher,2014-04-05 13:59:15+00:00,,,,,
313,issues,podlove_podlove-publisher,2014-04-07 08:12:51+00:00,,,,,
314,issues,podlove_podlove-publisher,2014-04-09 05:33:42+00:00,,,,,
315,issues,podlove_podlove-publisher,2014-04-10 12:10:57+00:00,,,,,
316,issues,podlove_podlove-publisher,2014-04-10 14:22:20+00:00,,,,,
317,issues,podlove_podlove-publisher,2014-04-10 21:20:55+00:00,,,,,
318,issues,podlove_podlove-publisher,2014-04-14 09:10:57+00:00,,,,,
319,issues,podlove_podlove-publisher,2014-04-14 20:30:37+00:00,,,,,
320,issues,podlove_podlove-publisher,2014-04-17 08:10:47+00:00,,,,,
321,issues,podlove_podlove-publisher,2014-04-17 12:59:29+00:00,,,,,
322,issues,podlove_podlove-publisher,2014-04-21 13:04:41+00:00,,,,,
323,issues,podlove_podlove-publisher,2014-04-22 11:38:37+00:00,,,,,
324,issues,podlove_podlove-publisher,2014-05-01 18:03:03+00:00,,,,,
325,issues,podlove_podlove-publisher,2014-05-01 22:49:57+00:00,,,,,
326,issues,podlove_podlove-publisher,2014-05-03 17:13:04+00:00,,,,,
327,issues,podlove_podlove-publisher,2014-05-03 18:13:09+00:00,,,,,
328,issues,podlove_podlove-publisher,2014-05-04 11:46:30+00:00,,,,,
329,issues,podlove_podlove-publisher,2014-05-13 06:44:41+00:00,,,,,
330,issues,podlove_podlove-publisher,2014-05-13 14:59:48+00:00,,,,,
331,issues,podlove_podlove-publisher,2014-05-14 20:05:46+00:00,,,,,
332,issues,podlove_podlove-publisher,2014-05-16 06:44:35+00:00,,,,,
333,issues,podlove_podlove-publisher,2014-05-16 20:02:50+00:00,,,,,
334,issues,podlove_podlove-publisher,2014-05-17 05:38:58+00:00,,,,,
335,issues,podlove_podlove-publisher,2014-05-17 17:53:14+00:00,,,,,
336,issues,podlove_podlove-publisher,2014-05-18 10:13:16+00:00,,,,,
337,issues,podlove_podlove-publisher,2014-05-19 17:56:37+00:00,,,,,
338,issues,podlove_podlove-publisher,2014-05-20 03:20:24+00:00,,,,,
339,issues,podlove_podlove-publisher,2014-05-22 12:24:24+00:00,,,,,
340,issues,podlove_podlove-publisher,2014-05-22 15:51:04+00:00,,,,,
341,issues,podlove_podlove-publisher,2014-05-26 06:47:59+00:00,,,,,
342,issues,podlove_podlove-publisher,2014-05-31 10:30:01+00:00,,,,,
343,issues,podlove_podlove-publisher,2014-05-31 18:26:59+00:00,,,,,
344,issues,podlove_podlove-publisher,2014-05-31 22:50:55+00:00,,,,,
345,issues,podlove_podlove-publisher,2014-06-03 13:00:21+00:00,,,,,
346,issues,podlove_podlove-publisher,2014-06-04 10:21:32+00:00,,,,,
347,issues,podlove_podlove-publisher,2014-06-04 18:57:28+00:00,,,,,
348,issues,podlove_podlove-publisher,2014-06-05 05:44:40+00:00,,,,,
349,issues,podlove_podlove-publisher,2014-06-07 07:14:24+00:00,,,,,
350,issues,podlove_podlove-publisher,2014-06-10 19:13:29+00:00,,,,,
351,issues,podlove_podlove-publisher,2014-06-11 10:05:07+00:00,,,,,
352,issues,podlove_podlove-publisher,2014-06-12 01:11:57+00:00,,,,,
353,issues,podlove_podlove-publisher,2014-06-12 09:04:02+00:00,,,,,
354,issues,podlove_podlove-publisher,2014-06-13 08:10:05+00:00,,,,,
355,issues,podlove_podlove-publisher,2014-06-14 07:49:18+00:00,,,,,
356,issues,podlove_podlove-publisher,2014-06-15 14:05:16+00:00,,,,,
357,issues,podlove_podlove-publisher,2014-06-15 17:56:19+00:00,,,,,
358,issues,podlove_podlove-publisher,2014-06-16 12:18:45+00:00,,,,,
359,issues,podlove_podlove-publisher,2014-06-16 16:36:09+00:00,,,,,
360,issues,podlove_podlove-publisher,2014-06-18 11:33:15+00:00,,,,,
361,issues,podlove_podlove-publisher,2014-06-19 08:48:59+00:00,,,,,
362,issues,podlove_podlove-publisher,2014-06-19 08:53:31+00:00,,,,,
363,issues,podlove_podlove-publisher,2014-06-19 11:39:43+00:00,,,,,
364,issues,podlove_podlove-publisher,2014-06-23 07:49:49+00:00,,,,,
365,issues,podlove_podlove-publisher,2014-06-28 17:05:22+00:00,,,,,
366,issues,podlove_podlove-publisher,2014-06-28 20:51:06+00:00,,,,,
367,issues,podlove_podlove-publisher,2014-06-30 09:11:29+00:00,,,,,
368,issues,podlove_podlove-publisher,2014-07-04 08:16:22+00:00,,,,,
369,issues,podlove_podlove-publisher,2014-07-07 10:39:24+00:00,,,,,
370,issues,podlove_podlove-publisher,2014-07-08 07:30:14+00:00,,,,,
371,issues,podlove_podlove-publisher,2014-07-08 16:08:33+00:00,,,,,
372,issues,podlove_podlove-publisher,2014-07-09 15:32:15+00:00,,,,,
373,issues,podlove_podlove-publisher,2014-07-10 08:11:50+00:00,,,,,
374,issues,podlove_podlove-publisher,2014-07-12 07:54:27+00:00,,,,,
375,issues,podlove_podlove-publisher,2014-07-13 14:20:55+00:00,,,,,
376,issues,podlove_podlove-publisher,2014-07-14 16:14:55+00:00,,,,,
377,issues,podlove_podlove-publisher,2014-07-15 20:04:21+00:00,,,,,
378,issues,podlove_podlove-publisher,2014-07-15 20:33:27+00:00,,,,,
379,issues,podlove_podlove-publisher,2014-07-16 12:48:47+00:00,,,,,
380,issues,podlove_podlove-publisher,2014-07-16 14:13:46+00:00,,,,,
381,issues,podlove_podlove-publisher,2014-07-20 14:36:54+00:00,,,,,
382,issues,podlove_podlove-publisher,2014-07-21 15:44:06+00:00,,,,,
383,issues,podlove_podlove-publisher,2014-07-22 20:08:00+00:00,,,,,
384,issues,podlove_podlove-publisher,2014-07-22 21:04:38+00:00,,,,,
385,issues,podlove_podlove-publisher,2014-07-23 20:15:14+00:00,,,,,
386,issues,podlove_podlove-publisher,2014-07-23 20:42:29+00:00,,,,,
387,issues,podlove_podlove-publisher,2014-07-24 22:41:57+00:00,,,,,
388,issues,podlove_podlove-publisher,2014-07-25 20:55:06+00:00,,,,,
389,issues,podlove_podlove-publisher,2014-07-26 14:25:00+00:00,,,,,
390,issues,podlove_podlove-publisher,2014-07-27 11:46:47+00:00,,,,,
391,issues,podlove_podlove-publisher,2014-07-27 16:45:29+00:00,,,,,
392,issues,podlove_podlove-publisher,2014-07-30 01:36:13+00:00,,,,,
393,issues,podlove_podlove-publisher,2014-07-31 23:17:47+00:00,,,,,
394,issues,podlove_podlove-publisher,2014-08-03 07:02:27+00:00,,,,,
395,issues,podlove_podlove-publisher,2014-08-04 13:13:23+00:00,,,,,
396,issues,podlove_podlove-publisher,2014-08-04 21:56:18+00:00,,,,,
397,issues,podlove_podlove-publisher,2014-08-05 18:57:53+00:00,,,,,
398,issues,podlove_podlove-publisher,2014-08-06 10:02:45+00:00,,,,,
399,issues,podlove_podlove-publisher,2014-08-07 08:02:37+00:00,,,,,
400,issues,podlove_podlove-publisher,2014-08-07 08:05:59+00:00,,,,,
401,issues,podlove_podlove-publisher,2014-08-07 13:45:06+00:00,,,,,
402,issues,podlove_podlove-publisher,2014-08-07 15:02:38+00:00,,,,,
403,issues,podlove_podlove-publisher,2014-08-07 15:12:46+00:00,,,,,
404,issues,podlove_podlove-publisher,2014-08-10 20:50:59+00:00,,,,,
405,issues,podlove_podlove-publisher,2014-08-12 16:32:39+00:00,,,,,
406,issues,podlove_podlove-publisher,2014-08-15 15:06:51+00:00,,,,,
407,issues,podlove_podlove-publisher,2014-08-15 19:30:33+00:00,,,,,
408,issues,podlove_podlove-publisher,2014-08-18 02:58:35+00:00,,,,,
409,issues,podlove_podlove-publisher,2014-08-19 15:05:55+00:00,,,,,
410,issues,podlove_podlove-publisher,2014-08-19 15:38:44+00:00,,,,,
411,issues,podlove_podlove-publisher,2014-08-22 18:35:22+00:00,,,,,
412,issues,podlove_podlove-publisher,2014-08-23 19:58:32+00:00,,,,,
413,issues,podlove_podlove-publisher,2014-08-25 08:51:55+00:00,,,,,
414,issues,podlove_podlove-publisher,2014-08-25 21:10:34+00:00,,,,,
415,issues,podlove_podlove-publisher,2014-08-27 08:29:09+00:00,,,,,
416,issues,podlove_podlove-publisher,2014-08-28 08:13:34+00:00,,,,,
417,issues,podlove_podlove-publisher,2014-08-31 22:28:35+00:00,,,,,
418,issues,podlove_podlove-publisher,2014-09-01 08:09:38+00:00,,,,,
419,issues,podlove_podlove-publisher,2014-09-02 19:08:26+00:00,,,,,
420,issues,podlove_podlove-publisher,2014-09-03 00:15:05+00:00,,,,,
421,issues,podlove_podlove-publisher,2014-09-04 15:05:35+00:00,,,,,
422,issues,podlove_podlove-publisher,2014-09-06 03:00:37+00:00,,,,,
423,issues,podlove_podlove-publisher,2014-09-06 17:06:01+00:00,,,,,
424,issues,podlove_podlove-publisher,2014-09-07 12:11:21+00:00,,,,,
425,issues,podlove_podlove-publisher,2014-09-07 18:36:52+00:00,,,,,
426,issues,podlove_podlove-publisher,2014-09-09 18:14:44+00:00,,,,,
427,issues,podlove_podlove-publisher,2014-09-12 11:52:54+00:00,,,,,
428,issues,podlove_podlove-publisher,2014-09-13 16:27:58+00:00,,,,,
429,issues,podlove_podlove-publisher,2014-09-14 15:53:30+00:00,,,,,
430,issues,podlove_podlove-publisher,2014-09-15 05:07:39+00:00,,,,,
431,issues,podlove_podlove-publisher,2014-09-19 14:29:46+00:00,,,,,
432,issues,podlove_podlove-publisher,2014-09-20 01:56:45+00:00,,,,,
433,issues,podlove_podlove-publisher,2014-09-20 19:38:53+00:00,,,,,
434,issues,podlove_podlove-publisher,2014-09-22 11:50:58+00:00,,,,,
435,issues,podlove_podlove-publisher,2014-09-22 15:35:27+00:00,,,,,
436,issues,podlove_podlove-publisher,2014-09-25 09:53:08+00:00,,,,,
437,issues,podlove_podlove-publisher,2014-09-26 14:27:37+00:00,,,,,
438,issues,podlove_podlove-publisher,2014-09-26 14:33:28+00:00,,,,,
439,issues,podlove_podlove-publisher,2014-09-28 13:44:51+00:00,,,,,
440,issues,podlove_podlove-publisher,2014-09-29 16:52:06+00:00,,,,,
441,issues,podlove_podlove-publisher,2014-09-30 15:52:51+00:00,,,,,
442,issues,podlove_podlove-publisher,2014-10-04 14:15:30+00:00,,,,,
443,issues,podlove_podlove-publisher,2014-10-09 09:26:35+00:00,,,,,
444,issues,podlove_podlove-publisher,2014-10-09 15:01:06+00:00,,,,,
445,issues,podlove_podlove-publisher,2014-10-12 08:43:22+00:00,,,,,
446,issues,podlove_podlove-publisher,2014-10-13 10:12:39+00:00,,,,,
447,issues,podlove_podlove-publisher,2014-10-14 09:46:26+00:00,,,,,
448,issues,podlove_podlove-publisher,2014-10-14 10:00:11+00:00,,,,,
449,issues,podlove_podlove-publisher,2014-10-15 08:11:12+00:00,,,,,
450,issues,podlove_podlove-publisher,2014-10-19 16:35:41+00:00,,,,,
451,issues,podlove_podlove-publisher,2014-10-20 11:22:45+00:00,,,,,
452,issues,podlove_podlove-publisher,2014-10-20 17:30:35+00:00,,,,,
453,issues,podlove_podlove-publisher,2014-10-21 22:56:32+00:00,,,,,
454,issues,podlove_podlove-publisher,2014-10-22 16:46:42+00:00,,,,,
455,issues,podlove_podlove-publisher,2014-10-22 16:47:12+00:00,,,,,
456,issues,podlove_podlove-publisher,2014-10-22 20:38:41+00:00,,,,,
457,issues,podlove_podlove-publisher,2014-10-22 20:41:24+00:00,,,,,
458,issues,podlove_podlove-publisher,2014-10-23 02:28:17+00:00,,,,,
459,issues,podlove_podlove-publisher,2014-10-24 05:47:04+00:00,,,,,
460,issues,podlove_podlove-publisher,2014-10-29 15:58:14+00:00,,,,,
461,issues,podlove_podlove-publisher,2014-10-29 23:06:32+00:00,,,,,
462,issues,podlove_podlove-publisher,2014-10-30 14:39:48+00:00,,,,,
463,issues,podlove_podlove-publisher,2014-10-31 01:14:34+00:00,,,,,
464,issues,podlove_podlove-publisher,2014-10-31 11:02:10+00:00,,,,,
465,issues,podlove_podlove-publisher,2014-10-31 11:04:06+00:00,,,,,
466,issues,podlove_podlove-publisher,2014-11-01 12:48:38+00:00,,,,,
467,issues,podlove_podlove-publisher,2014-11-01 16:13:12+00:00,,,,,
468,issues,podlove_podlove-publisher,2014-11-02 17:25:48+00:00,,,,,
469,issues,podlove_podlove-publisher,2014-11-02 21:28:54+00:00,,,,,
470,issues,podlove_podlove-publisher,2014-11-03 16:43:31+00:00,,,,,
471,issues,podlove_podlove-publisher,2014-11-06 12:56:26+00:00,,,,,
472,issues,podlove_podlove-publisher,2014-11-07 10:55:20+00:00,,,,,
473,issues,podlove_podlove-publisher,2014-11-08 14:28:27+00:00,,,,,
474,issues,podlove_podlove-publisher,2014-11-08 14:30:51+00:00,,,,,
475,issues,podlove_podlove-publisher,2014-11-10 13:04:28+00:00,,,,,
476,issues,podlove_podlove-publisher,2014-11-12 07:14:31+00:00,,,,,
477,issues,podlove_podlove-publisher,2014-11-12 12:54:19+00:00,,,,,
478,issues,podlove_podlove-publisher,2014-11-13 21:06:57+00:00,,,,,
479,issues,podlove_podlove-publisher,2014-11-15 21:31:18+00:00,,,,,
480,issues,podlove_podlove-publisher,2014-11-17 10:31:35+00:00,,,,,
481,issues,podlove_podlove-publisher,2014-11-19 00:45:28+00:00,,,,,
482,issues,podlove_podlove-publisher,2014-11-22 11:24:39+00:00,,,,,
483,issues,podlove_podlove-publisher,2014-11-22 20:09:27+00:00,,,,,
484,issues,podlove_podlove-publisher,2014-11-25 18:27:20+00:00,,,,,
485,issues,podlove_podlove-publisher,2014-11-26 15:30:38+00:00,,,,,
486,issues,podlove_podlove-publisher,2014-11-29 05:48:39+00:00,,,,,
487,issues,podlove_podlove-publisher,2014-11-29 05:57:55+00:00,,,,,
488,issues,podlove_podlove-publisher,2014-12-02 18:56:17+00:00,,,,,
489,issues,podlove_podlove-publisher,2014-12-03 16:24:59+00:00,,,,,
490,issues,podlove_podlove-publisher,2014-12-04 11:25:54+00:00,,,,,
491,issues,podlove_podlove-publisher,2014-12-06 12:05:12+00:00,,,,,
492,issues,podlove_podlove-publisher,2014-12-07 11:39:33+00:00,,,,,
493,issues,podlove_podlove-publisher,2014-12-07 15:53:24+00:00,,,,,
494,issues,podlove_podlove-publisher,2014-12-08 13:24:30+00:00,,,,,
495,issues,podlove_podlove-publisher,2014-12-11 21:16:28+00:00,,,,,
496,issues,podlove_podlove-publisher,2014-12-15 08:51:22+00:00,,,,,
497,issues,podlove_podlove-publisher,2014-12-16 12:50:19+00:00,,,,,
498,issues,podlove_podlove-publisher,2014-12-16 13:11:32+00:00,,,,,
499,issues,podlove_podlove-publisher,2014-12-16 13:11:47+00:00,,,,,
500,issues,podlove_podlove-publisher,2014-12-16 17:35:56+00:00,,,,,
501,issues,podlove_podlove-publisher,2014-12-16 22:00:27+00:00,,,,,
502,issues,podlove_podlove-publisher,2014-12-17 12:08:03+00:00,,,,,
503,issues,podlove_podlove-publisher,2014-12-17 13:08:03+00:00,,,,,
504,issues,podlove_podlove-publisher,2014-12-18 16:33:35+00:00,,,,,
505,issues,podlove_podlove-publisher,2014-12-18 20:01:02+00:00,,,,,
506,issues,podlove_podlove-publisher,2014-12-18 21:44:28+00:00,,,,,
507,issues,podlove_podlove-publisher,2014-12-20 12:11:32+00:00,,,,,
508,issues,podlove_podlove-publisher,2014-12-20 12:16:03+00:00,,,,,
509,issues,podlove_podlove-publisher,2014-12-20 16:55:45+00:00,,,,,
510,issues,podlove_podlove-publisher,2014-12-22 20:18:21+00:00,,,,,
511,issues,podlove_podlove-publisher,2014-12-22 23:28:48+00:00,,,,,
512,issues,podlove_podlove-publisher,2014-12-23 15:41:51+00:00,,,,,
513,issues,podlove_podlove-publisher,2014-12-24 10:23:13+00:00,,,,,
514,issues,podlove_podlove-publisher,2014-12-27 21:00:47+00:00,,,,,
515,issues,podlove_podlove-publisher,2014-12-28 20:37:50+00:00,,,,,
516,issues,podlove_podlove-publisher,2014-12-29 09:05:42+00:00,,,,,
517,issues,podlove_podlove-publisher,2014-12-29 11:27:55+00:00,,,,,
518,issues,podlove_podlove-publisher,2015-01-03 00:49:34+00:00,,,,,
519,issues,podlove_podlove-publisher,2015-01-04 04:02:39+00:00,,,,,
520,issues,podlove_podlove-publisher,2015-01-05 06:09:21+00:00,,,,,
521,issues,podlove_podlove-publisher,2015-01-06 10:14:01+00:00,,,,,
522,issues,podlove_podlove-publisher,2015-01-12 13:06:40+00:00,,,,,
523,issues,podlove_podlove-publisher,2015-01-12 17:35:32+00:00,,,,,
524,issues,podlove_podlove-publisher,2015-01-12 19:28:57+00:00,,,,,
525,issues,podlove_podlove-publisher,2015-01-13 19:33:45+00:00,,,,,
526,issues,podlove_podlove-publisher,2015-01-13 22:21:11+00:00,,,,,
527,issues,podlove_podlove-publisher,2015-01-15 20:42:00+00:00,,,,,
528,issues,podlove_podlove-publisher,2015-01-16 02:10:05+00:00,,,,,
529,issues,podlove_podlove-publisher,2015-01-18 07:42:28+00:00,,,,,
530,issues,podlove_podlove-publisher,2015-01-18 13:58:19+00:00,,,,,
531,issues,podlove_podlove-publisher,2015-01-20 15:07:50+00:00,,,,,
532,issues,podlove_podlove-publisher,2015-01-20 20:00:25+00:00,,,,,
533,issues,podlove_podlove-publisher,2015-01-22 12:37:49+00:00,,,,,
534,issues,podlove_podlove-publisher,2015-01-22 16:12:20+00:00,,,,,
535,issues,podlove_podlove-publisher,2015-01-22 16:22:53+00:00,,,,,
536,issues,podlove_podlove-publisher,2015-01-24 12:54:04+00:00,,,,,
537,issues,podlove_podlove-publisher,2015-01-24 20:32:55+00:00,,,,,
538,issues,podlove_podlove-publisher,2015-01-25 17:40:16+00:00,,,,,
539,issues,podlove_podlove-publisher,2015-01-25 19:37:44+00:00,,,,,
540,issues,podlove_podlove-publisher,2015-01-25 19:59:40+00:00,,,,,
541,issues,podlove_podlove-publisher,2015-01-26 17:57:48+00:00,,,,,
542,issues,podlove_podlove-publisher,2015-01-28 05:50:24+00:00,,,,,
543,issues,podlove_podlove-publisher,2015-01-30 08:35:27+00:00,,,,,
544,issues,podlove_podlove-publisher,2015-02-01 11:08:17+00:00,,,,,
545,issues,podlove_podlove-publisher,2015-02-04 13:26:28+00:00,,,,,
546,issues,podlove_podlove-publisher,2015-02-06 00:32:00+00:00,,,,,
547,issues,podlove_podlove-publisher,2015-02-11 23:48:38+00:00,,,,,
548,issues,podlove_podlove-publisher,2015-02-13 20:25:43+00:00,,,,,
549,issues,podlove_podlove-publisher,2015-02-14 11:52:07+00:00,,,,,
550,issues,podlove_podlove-publisher,2015-02-14 12:24:09+00:00,,,,,
551,issues,podlove_podlove-publisher,2015-02-14 17:20:17+00:00,,,,,
552,issues,podlove_podlove-publisher,2015-02-14 21:18:57+00:00,,,,,
553,issues,podlove_podlove-publisher,2015-02-15 13:33:59+00:00,,,,,
554,issues,podlove_podlove-publisher,2015-02-15 15:13:40+00:00,,,,,
555,issues,podlove_podlove-publisher,2015-02-15 18:29:26+00:00,,,,,
556,issues,podlove_podlove-publisher,2015-02-15 20:06:38+00:00,,,,,
557,issues,podlove_podlove-publisher,2015-02-15 20:36:53+00:00,,,,,
558,issues,podlove_podlove-publisher,2015-02-16 07:46:15+00:00,,,,,
559,issues,podlove_podlove-publisher,2015-02-16 17:04:29+00:00,,,,,
560,issues,podlove_podlove-publisher,2015-02-17 07:09:28+00:00,,,,,
561,issues,podlove_podlove-publisher,2015-02-18 03:17:40+00:00,,,,,
562,issues,podlove_podlove-publisher,2015-02-18 13:00:01+00:00,,,,,
563,issues,podlove_podlove-publisher,2015-02-19 06:15:43+00:00,,,,,
564,issues,podlove_podlove-publisher,2015-02-19 06:21:35+00:00,,,,,
565,issues,podlove_podlove-publisher,2015-02-20 10:20:46+00:00,,,,,
566,issues,podlove_podlove-publisher,2015-02-24 20:17:56+00:00,,,,,
567,issues,podlove_podlove-publisher,2015-02-25 19:24:15+00:00,,,,,
568,issues,podlove_podlove-publisher,2015-02-25 21:04:16+00:00,,,,,
569,issues,podlove_podlove-publisher,2015-02-26 08:22:29+00:00,,,,,
570,issues,podlove_podlove-publisher,2015-02-26 12:09:13+00:00,,,,,
571,issues,podlove_podlove-publisher,2015-02-27 13:52:13+00:00,,,,,
572,issues,podlove_podlove-publisher,2015-02-28 17:07:23+00:00,,,,,
573,issues,podlove_podlove-publisher,2015-03-01 23:57:40+00:00,,,,,
574,issues,podlove_podlove-publisher,2015-03-03 10:05:35+00:00,,,,,
575,issues,podlove_podlove-publisher,2015-03-03 11:03:03+00:00,,,,,
576,issues,podlove_podlove-publisher,2015-03-03 18:54:17+00:00,,,,,
577,issues,podlove_podlove-publisher,2015-03-04 08:21:45+00:00,,,,,
578,issues,podlove_podlove-publisher,2015-03-04 09:58:22+00:00,,,,,
579,issues,podlove_podlove-publisher,2015-03-05 12:36:39+00:00,,,,,
580,issues,podlove_podlove-publisher,2015-03-05 13:09:28+00:00,,,,,
581,issues,podlove_podlove-publisher,2015-03-05 16:44:51+00:00,,,,,
582,issues,podlove_podlove-publisher,2015-03-07 18:47:46+00:00,,,,,
583,issues,podlove_podlove-publisher,2015-03-08 17:51:37+00:00,,,,,
584,issues,podlove_podlove-publisher,2015-03-10 15:15:49+00:00,,,,,
585,issues,podlove_podlove-publisher,2015-03-10 15:49:20+00:00,,,,,
586,issues,podlove_podlove-publisher,2015-03-11 14:47:53+00:00,,,,,
587,issues,podlove_podlove-publisher,2015-03-12 10:51:19+00:00,,,,,
588,issues,podlove_podlove-publisher,2015-03-12 17:52:01+00:00,,,,,
589,issues,podlove_podlove-publisher,2015-03-12 22:32:16+00:00,,,,,
590,issues,podlove_podlove-publisher,2015-03-17 11:10:31+00:00,,,,,
591,issues,podlove_podlove-publisher,2015-03-17 14:49:09+00:00,,,,,
592,issues,podlove_podlove-publisher,2015-03-18 12:23:43+00:00,,,,,
593,issues,podlove_podlove-publisher,2015-03-20 10:24:38+00:00,,,,,
594,issues,podlove_podlove-publisher,2015-03-20 16:35:47+00:00,,,,,
595,issues,podlove_podlove-publisher,2015-03-20 21:08:17+00:00,,,,,
596,issues,podlove_podlove-publisher,2015-03-20 23:02:05+00:00,,,,,
597,issues,podlove_podlove-publisher,2015-03-22 08:20:05+00:00,,,,,
598,issues,podlove_podlove-publisher,2015-03-26 08:52:45+00:00,,,,,
599,issues,podlove_podlove-publisher,2015-03-30 14:52:48+00:00,,,,,
600,issues,podlove_podlove-publisher,2015-03-30 20:56:48+00:00,,,,,
601,issues,podlove_podlove-publisher,2015-04-01 14:52:16+00:00,,,,,
602,issues,podlove_podlove-publisher,2015-04-03 15:37:42+00:00,,,,,
603,issues,podlove_podlove-publisher,2015-04-04 15:47:30+00:00,,,,,
604,issues,podlove_podlove-publisher,2015-04-07 15:14:08+00:00,,,,,
605,issues,podlove_podlove-publisher,2015-04-07 15:24:06+00:00,,,,,
606,issues,podlove_podlove-publisher,2015-04-08 11:11:20+00:00,,,,,
607,issues,podlove_podlove-publisher,2015-04-08 11:52:26+00:00,,,,,
608,issues,podlove_podlove-publisher,2015-04-08 15:33:15+00:00,,,,,
609,issues,podlove_podlove-publisher,2015-04-09 12:56:14+00:00,,,,,
610,issues,podlove_podlove-publisher,2015-04-09 17:41:23+00:00,,,,,
611,issues,podlove_podlove-publisher,2015-04-12 19:23:19+00:00,,,,,
612,issues,podlove_podlove-publisher,2015-04-20 10:32:51+00:00,,,,,
613,issues,podlove_podlove-publisher,2015-04-24 11:53:23+00:00,,,,,
614,issues,podlove_podlove-publisher,2015-04-24 17:34:35+00:00,,,,,
615,issues,podlove_podlove-publisher,2015-04-25 09:13:11+00:00,,,,,
616,issues,podlove_podlove-publisher,2015-04-25 09:37:16+00:00,,,,,
617,issues,podlove_podlove-publisher,2015-04-25 16:33:20+00:00,,,,,
618,issues,podlove_podlove-publisher,2015-04-25 22:04:16+00:00,,,,,
619,issues,podlove_podlove-publisher,2015-04-27 21:13:11+00:00,,,,,
620,issues,podlove_podlove-publisher,2015-04-27 21:56:04+00:00,,,,,
621,issues,podlove_podlove-publisher,2015-04-28 07:42:39+00:00,,,,,
622,issues,podlove_podlove-publisher,2015-05-02 00:33:34+00:00,,,,,
623,issues,podlove_podlove-publisher,2015-05-02 12:06:17+00:00,,,,,
624,issues,podlove_podlove-publisher,2015-05-04 09:35:49+00:00,,,,,
625,issues,podlove_podlove-publisher,2015-05-04 18:05:27+00:00,,,,,
626,issues,podlove_podlove-publisher,2015-05-05 10:21:14+00:00,,,,,
627,issues,podlove_podlove-publisher,2015-05-07 11:45:34+00:00,,,,,
628,issues,podlove_podlove-publisher,2015-05-13 21:19:04+00:00,,,,,
629,issues,podlove_podlove-publisher,2015-05-21 08:07:12+00:00,,,,,
630,issues,podlove_podlove-publisher,2015-05-23 19:15:48+00:00,,,,,
631,issues,podlove_podlove-publisher,2015-05-25 13:25:18+00:00,,,,,
632,issues,podlove_podlove-publisher,2015-05-25 23:56:17+00:00,,,,,
633,issues,podlove_podlove-publisher,2015-05-28 13:10:30+00:00,,,,,
634,issues,podlove_podlove-publisher,2015-06-03 10:29:40+00:00,,,,,
635,issues,podlove_podlove-publisher,2015-06-05 07:25:55+00:00,,,,,
636,issues,podlove_podlove-publisher,2015-06-09 14:18:44+00:00,,,,,
637,issues,podlove_podlove-publisher,2015-06-09 20:34:28+00:00,,,,,
638,issues,podlove_podlove-publisher,2015-06-09 22:05:09+00:00,,,,,
639,issues,podlove_podlove-publisher,2015-06-16 14:21:43+00:00,,,,,
640,issues,podlove_podlove-publisher,2015-06-22 13:26:49+00:00,,,,,
641,issues,podlove_podlove-publisher,2015-06-24 08:05:29+00:00,,,,,
642,issues,podlove_podlove-publisher,2015-06-27 11:09:18+00:00,,,,,
643,issues,podlove_podlove-publisher,2015-07-12 10:56:14+00:00,,,,,
644,issues,podlove_podlove-publisher,2015-08-12 14:51:45+00:00,,,,,
645,issues,podlove_podlove-publisher,2015-08-15 18:21:37+00:00,,,,,
646,issues,podlove_podlove-publisher,2015-08-16 12:41:32+00:00,,,,,
647,issues,podlove_podlove-publisher,2015-08-17 11:21:56+00:00,,,,,
648,issues,podlove_podlove-publisher,2015-08-30 10:52:15+00:00,,,,,
649,issues,podlove_podlove-publisher,2015-09-05 16:24:27+00:00,,,,,
650,issues,podlove_podlove-publisher,2015-09-13 14:51:12+00:00,,,,,
651,issues,podlove_podlove-publisher,2015-09-13 19:10:37+00:00,,,,,
652,issues,podlove_podlove-publisher,2015-09-13 19:14:02+00:00,,,,,
653,issues,podlove_podlove-publisher,2015-09-17 08:14:28+00:00,,,,,
654,issues,podlove_podlove-publisher,2015-09-18 10:47:13+00:00,,,,,
655,issues,podlove_podlove-publisher,2015-09-22 13:48:18+00:00,,,,,
656,issues,podlove_podlove-publisher,2015-09-24 08:01:17+00:00,,,,,
657,issues,podlove_podlove-publisher,2015-09-24 09:43:37+00:00,,,,,
658,issues,podlove_podlove-publisher,2015-09-25 09:10:02+00:00,,,,,
659,issues,podlove_podlove-publisher,2015-09-28 08:30:20+00:00,,,,,
660,issues,podlove_podlove-publisher,2015-09-29 14:13:45+00:00,,,,,
661,issues,podlove_podlove-publisher,2015-10-05 16:25:03+00:00,,,,,
662,issues,podlove_podlove-publisher,2015-10-07 19:40:48+00:00,,,,,
663,issues,podlove_podlove-publisher,2015-10-10 19:18:51+00:00,,,,,
664,issues,podlove_podlove-publisher,2015-10-15 13:38:04+00:00,,,,,
665,issues,podlove_podlove-publisher,2015-10-16 06:28:47+00:00,,,,,
666,issues,podlove_podlove-publisher,2015-10-23 08:59:12+00:00,,,,,
667,issues,podlove_podlove-publisher,2015-10-29 14:45:33+00:00,,,,,
668,issues,podlove_podlove-publisher,2015-11-11 13:02:17+00:00,,,,,
669,issues,podlove_podlove-publisher,2015-11-14 07:43:08+00:00,,,,,
670,issues,podlove_podlove-publisher,2015-11-14 08:15:50+00:00,,,,,
671,issues,podlove_podlove-publisher,2015-11-14 13:48:20+00:00,,,,,
672,issues,podlove_podlove-publisher,2015-11-14 15:45:44+00:00,,,,,
673,issues,podlove_podlove-publisher,2015-11-16 22:26:14+00:00,,,,,
674,issues,podlove_podlove-publisher,2015-11-18 10:19:59+00:00,,,,,
675,issues,podlove_podlove-publisher,2015-11-18 21:14:39+00:00,,,,,
676,issues,podlove_podlove-publisher,2015-11-18 21:23:56+00:00,,,,,
677,issues,podlove_podlove-publisher,2015-11-23 08:21:55+00:00,,,,,
678,issues,podlove_podlove-publisher,2015-11-27 17:41:00+00:00,,,,,
679,issues,podlove_podlove-publisher,2015-11-28 12:37:03+00:00,,,,,
680,issues,podlove_podlove-publisher,2015-12-04 15:33:32+00:00,,,,,
681,issues,podlove_podlove-publisher,2015-12-05 10:04:08+00:00,,,,,
682,issues,podlove_podlove-publisher,2015-12-05 10:46:16+00:00,,,,,
683,issues,podlove_podlove-publisher,2015-12-08 19:08:50+00:00,,,,,
684,issues,podlove_podlove-publisher,2015-12-16 08:46:39+00:00,,,,,
685,issues,podlove_podlove-publisher,2015-12-17 15:42:42+00:00,,,,,
686,issues,podlove_podlove-publisher,2016-01-08 11:49:02+00:00,,,,,
687,issues,podlove_podlove-publisher,2016-01-08 14:45:39+00:00,,,,,
688,issues,podlove_podlove-publisher,2016-01-09 05:41:34+00:00,,,,,
689,issues,podlove_podlove-publisher,2016-01-10 14:23:59+00:00,,,,,
690,issues,podlove_podlove-publisher,2016-01-15 02:05:55+00:00,,,,,
691,issues,podlove_podlove-publisher,2016-01-15 20:42:51+00:00,,,,,
692,issues,podlove_podlove-publisher,2016-01-17 15:06:38+00:00,,,,,
693,issues,podlove_podlove-publisher,2016-01-19 08:46:58+00:00,,,,,
694,issues,podlove_podlove-publisher,2016-01-21 14:11:26+00:00,,,,,
695,issues,podlove_podlove-publisher,2016-02-01 15:56:36+00:00,,,,,
696,issues,podlove_podlove-publisher,2016-02-02 16:41:39+00:00,,,,,
697,issues,podlove_podlove-publisher,2016-02-03 02:08:44+00:00,,,,,
698,issues,podlove_podlove-publisher,2016-02-04 05:36:10+00:00,,,,,
699,issues,podlove_podlove-publisher,2016-02-04 08:19:27+00:00,,,,,
700,issues,podlove_podlove-publisher,2016-02-04 18:48:10+00:00,,,,,
701,issues,podlove_podlove-publisher,2016-02-04 19:45:10+00:00,,,,,
702,issues,podlove_podlove-publisher,2016-02-12 21:52:28+00:00,,,,,
703,issues,podlove_podlove-publisher,2016-02-16 23:09:54+00:00,,,,,
704,issues,podlove_podlove-publisher,2016-03-10 14:17:42+00:00,,,,,
705,issues,podlove_podlove-publisher,2016-03-13 15:24:39+00:00,,,,,
706,issues,podlove_podlove-publisher,2016-03-17 19:32:14+00:00,,,,,
707,issues,podlove_podlove-publisher,2016-03-27 22:18:03+00:00,,,,,
708,issues,podlove_podlove-publisher,2016-03-30 21:37:23+00:00,,,,,
709,issues,podlove_podlove-publisher,2016-04-06 17:22:48+00:00,,,,,
710,issues,podlove_podlove-publisher,2016-04-14 22:48:34+00:00,,,,,
711,issues,podlove_podlove-publisher,2016-04-16 15:25:29+00:00,,,,,
712,issues,podlove_podlove-publisher,2016-05-03 22:58:27+00:00,,,,,
713,issues,podlove_podlove-publisher,2016-05-04 13:30:23+00:00,,,,,
714,issues,podlove_podlove-publisher,2016-05-04 15:39:25+00:00,,,,,
715,issues,podlove_podlove-publisher,2016-05-05 22:04:43+00:00,,,,,
716,issues,podlove_podlove-publisher,2016-05-07 18:51:49+00:00,,,,,
717,issues,podlove_podlove-publisher,2016-05-12 21:37:51+00:00,,,,,
718,issues,podlove_podlove-publisher,2016-05-13 17:13:18+00:00,,,,,
719,issues,podlove_podlove-publisher,2016-05-20 23:27:39+00:00,,,,,
720,issues,podlove_podlove-publisher,2016-06-26 08:29:20+00:00,,,,,
721,issues,podlove_podlove-publisher,2016-06-29 19:30:56+00:00,,,,,
722,issues,podlove_podlove-publisher,2016-06-29 19:35:30+00:00,,,,,
723,issues,podlove_podlove-publisher,2016-07-21 08:59:03+00:00,,,,,
724,issues,podlove_podlove-publisher,2016-07-22 08:52:42+00:00,,,,,
725,issues,podlove_podlove-publisher,2016-07-22 22:44:23+00:00,,,,,
726,issues,podlove_podlove-publisher,2016-07-24 07:40:06+00:00,,,,,
727,issues,podlove_podlove-publisher,2016-07-25 07:46:14+00:00,,,,,
728,issues,podlove_podlove-publisher,2016-07-30 19:01:07+00:00,,,,,
729,issues,podlove_podlove-publisher,2016-08-07 21:39:53+00:00,,,,,
730,issues,podlove_podlove-publisher,2016-08-21 04:53:50+00:00,,,,,
731,issues,podlove_podlove-publisher,2016-08-22 09:50:41+00:00,,,,,
732,issues,podlove_podlove-publisher,2016-09-16 21:01:02+00:00,,,,,
733,issues,podlove_podlove-publisher,2016-09-18 08:44:08+00:00,,,,,
734,issues,podlove_podlove-publisher,2016-09-18 23:28:41+00:00,,,,,
735,issues,podlove_podlove-publisher,2016-09-25 16:27:53+00:00,,,,,
736,issues,podlove_podlove-publisher,2016-09-27 10:19:40+00:00,,,,,
737,issues,podlove_podlove-publisher,2016-09-28 02:55:36+00:00,,,,,
738,issues,podlove_podlove-publisher,2016-10-04 13:16:14+00:00,,,,,
739,issues,podlove_podlove-publisher,2016-10-09 17:34:36+00:00,,,,,
740,issues,podlove_podlove-publisher,2016-10-10 08:47:51+00:00,,,,,
741,issues,podlove_podlove-publisher,2016-10-13 20:29:36+00:00,,,,,
742,issues,podlove_podlove-publisher,2016-10-17 14:51:50+00:00,,,,,
743,issues,podlove_podlove-publisher,2016-10-18 22:30:09+00:00,,,,,
744,issues,podlove_podlove-publisher,2016-11-14 12:31:59+00:00,,,,,
745,issues,podlove_podlove-publisher,2016-11-19 11:32:37+00:00,,,,,
746,issues,podlove_podlove-publisher,2016-11-23 22:18:27+00:00,,,,,
747,issues,podlove_podlove-publisher,2016-11-26 19:30:43+00:00,,,,,
748,issues,podlove_podlove-publisher,2016-11-30 19:28:42+00:00,,,,,
749,issues,podlove_podlove-publisher,2016-12-01 00:10:12+00:00,,,,,
750,issues,podlove_podlove-publisher,2016-12-05 14:32:11+00:00,,,,,
751,issues,podlove_podlove-publisher,2016-12-06 13:29:40+00:00,,,,,
752,issues,podlove_podlove-publisher,2016-12-09 08:55:01+00:00,,,,,
753,issues,podlove_podlove-publisher,2016-12-09 15:47:35+00:00,,,,,
754,issues,podlove_podlove-publisher,2016-12-10 01:28:48+00:00,,,,,
755,issues,podlove_podlove-publisher,2016-12-10 19:16:09+00:00,,,,,
756,issues,podlove_podlove-publisher,2016-12-14 16:18:11+00:00,,,,,
757,issues,podlove_podlove-publisher,2016-12-19 17:54:52+00:00,,,,,
758,issues,podlove_podlove-publisher,2017-01-03 11:47:59+00:00,,,,,
759,issues,podlove_podlove-publisher,2017-02-02 15:18:15+00:00,,,,,
760,issues,podlove_podlove-publisher,2017-02-04 14:29:55+00:00,,,,,
761,issues,podlove_podlove-publisher,2017-02-23 23:16:00+00:00,,,,,
762,issues,podlove_podlove-publisher,2017-03-15 11:09:39+00:00,,,,,
763,issues,podlove_podlove-publisher,2017-03-20 17:36:34+00:00,,,,,
764,issues,podlove_podlove-publisher,2017-03-22 12:41:16+00:00,,,,,
765,issues,podlove_podlove-publisher,2017-03-23 10:27:11+00:00,,,,,
766,issues,podlove_podlove-publisher,2017-03-28 18:46:08+00:00,,,,,
767,issues,podlove_podlove-publisher,2017-03-29 09:31:16+00:00,,,,,
768,issues,podlove_podlove-publisher,2017-03-29 13:10:33+00:00,,,,,
769,issues,podlove_podlove-publisher,2017-03-30 19:36:01+00:00,,,,,
770,issues,podlove_podlove-publisher,2017-03-31 08:33:35+00:00,,,,,
771,issues,podlove_podlove-publisher,2017-04-06 20:30:42+00:00,,,,,
772,issues,podlove_podlove-publisher,2017-04-08 14:44:07+00:00,,,,,
773,issues,podlove_podlove-publisher,2017-05-03 11:17:16+00:00,,,,,
774,issues,podlove_podlove-publisher,2017-05-08 17:43:56+00:00,,,,,
775,issues,podlove_podlove-publisher,2017-05-10 20:00:20+00:00,,,,,
776,issues,podlove_podlove-publisher,2017-05-12 07:30:52+00:00,,,,,
777,issues,podlove_podlove-publisher,2017-06-14 20:17:55+00:00,,,,,
778,issues,podlove_podlove-publisher,2017-06-18 20:51:03+00:00,,,,,
779,issues,podlove_podlove-publisher,2017-06-19 20:04:11+00:00,,,,,
780,issues,podlove_podlove-publisher,2017-07-22 12:15:52+00:00,,,,,
781,issues,podlove_podlove-publisher,2017-09-15 12:44:46+00:00,,,,,
782,issues,podlove_podlove-publisher,2017-09-20 08:07:20+00:00,,,,,
783,issues,podlove_podlove-publisher,2017-10-23 13:12:20+00:00,,,,,
784,issues,podlove_podlove-publisher,2017-10-29 12:18:51+00:00,,,,,
785,issues,podlove_podlove-publisher,2017-11-07 10:37:13+00:00,,,,,
786,issues,podlove_podlove-publisher,2017-11-18 22:35:20+00:00,,,,,
787,issues,podlove_podlove-publisher,2017-11-20 02:16:53+00:00,,,,,
788,issues,podlove_podlove-publisher,2017-11-21 01:44:47+00:00,,,,,
789,issues,podlove_podlove-publisher,2017-11-23 15:39:00+00:00,,,,,
790,issues,podlove_podlove-publisher,2017-11-25 18:09:34+00:00,,,,,
791,issues,podlove_podlove-publisher,2017-12-11 21:05:02+00:00,,,,,
792,issues,podlove_podlove-publisher,2017-12-15 21:12:10+00:00,,,,,
793,issues,podlove_podlove-publisher,2017-12-20 05:05:58+00:00,,,,,
794,issues,podlove_podlove-publisher,2017-12-20 10:17:10+00:00,,,,,
795,issues,podlove_podlove-publisher,2018-01-04 13:51:06+00:00,,,,,
796,issues,podlove_podlove-publisher,2018-01-04 23:00:09+00:00,,,,,
797,issues,podlove_podlove-publisher,2018-01-06 01:48:08+00:00,,,,,
798,issues,podlove_podlove-publisher,2018-01-10 21:47:13+00:00,,,,,
799,issues,podlove_podlove-publisher,2018-01-16 09:22:30+00:00,,,,,
800,issues,podlove_podlove-publisher,2018-01-23 20:10:01+00:00,,,,,
801,issues,podlove_podlove-publisher,2018-01-30 23:07:15+00:00,,,,,
802,issues,podlove_podlove-publisher,2018-02-02 23:41:58+00:00,,,,,
803,issues,podlove_podlove-publisher,2018-02-04 06:06:42+00:00,,,,,
804,issues,podlove_podlove-publisher,2018-02-10 12:12:40+00:00,,,,,
805,issues,podlove_podlove-publisher,2018-02-18 18:26:57+00:00,,,,,
806,issues,podlove_podlove-publisher,2018-02-19 05:37:30+00:00,,,,,
807,issues,podlove_podlove-publisher,2018-02-23 13:29:01+00:00,,,,,
808,issues,podlove_podlove-publisher,2018-03-17 08:49:51+00:00,,,,,
809,issues,podlove_podlove-publisher,2018-03-22 21:09:29+00:00,,,,,
810,issues,podlove_podlove-publisher,2018-03-23 22:43:18+00:00,,,,,
811,issues,podlove_podlove-publisher,2018-03-29 12:31:11+00:00,,,,,
812,issues,podlove_podlove-publisher,2018-04-04 15:47:20+00:00,,,,,
813,issues,podlove_podlove-publisher,2018-04-08 11:05:12+00:00,,,,,
814,issues,podlove_podlove-publisher,2018-04-16 18:28:38+00:00,,,,,
815,issues,podlove_podlove-publisher,2018-04-20 12:19:42+00:00,,,,,
816,issues,podlove_podlove-publisher,2018-05-02 16:10:40+00:00,,,,,
817,issues,podlove_podlove-publisher,2018-05-10 08:28:15+00:00,,,,,
818,issues,podlove_podlove-publisher,2018-05-22 00:28:17+00:00,,,,,
819,issues,podlove_podlove-publisher,2018-05-23 12:14:18+00:00,,,,,
820,issues,podlove_podlove-publisher,2018-05-23 14:08:05+00:00,,,,,
821,issues,podlove_podlove-publisher,2018-05-23 17:34:33+00:00,,,,,
822,issues,podlove_podlove-publisher,2018-05-28 19:09:54+00:00,,,,,
823,issues,podlove_podlove-publisher,2018-06-06 11:23:11+00:00,,,,,
824,issues,podlove_podlove-publisher,2018-06-14 14:24:31+00:00,,,,,
825,issues,podlove_podlove-publisher,2018-06-15 08:31:16+00:00,,,,,
826,issues,podlove_podlove-publisher,2018-06-18 15:25:13+00:00,,,,,
827,issues,podlove_podlove-publisher,2018-07-22 20:52:55+00:00,,,,,
828,issues,podlove_podlove-publisher,2018-08-14 08:00:32+00:00,,,,,
829,issues,podlove_podlove-publisher,2018-08-29 10:45:37+00:00,,,,,
830,issues,podlove_podlove-publisher,2018-08-29 13:04:49+00:00,,,,,
831,issues,podlove_podlove-publisher,2018-09-02 11:14:45+00:00,,,,,
832,issues,podlove_podlove-publisher,2018-09-02 16:18:33+00:00,,,,,
833,issues,podlove_podlove-publisher,2018-09-13 10:16:46+00:00,,,,,
834,issues,podlove_podlove-publisher,2018-09-14 14:31:19+00:00,,,,,
835,issues,podlove_podlove-publisher,2018-09-15 08:33:49+00:00,,,,,
836,issues,podlove_podlove-publisher,2018-09-16 21:24:41+00:00,,,,,
837,issues,podlove_podlove-publisher,2018-09-27 12:42:03+00:00,,,,,
838,issues,podlove_podlove-publisher,2018-10-05 11:09:29+00:00,,,,,
839,issues,podlove_podlove-publisher,2018-10-08 14:50:47+00:00,,,,,
840,issues,podlove_podlove-publisher,2018-10-16 15:25:25+00:00,,,,,
841,issues,podlove_podlove-publisher,2018-10-17 12:36:51+00:00,,,,,
842,issues,podlove_podlove-publisher,2018-10-17 12:44:33+00:00,,,,,
843,issues,podlove_podlove-publisher,2018-11-05 12:01:51+00:00,,,,,
844,issues,podlove_podlove-publisher,2018-11-05 12:19:22+00:00,,,,,
845,issues,podlove_podlove-publisher,2018-11-14 10:46:17+00:00,,,,,
846,issues,podlove_podlove-publisher,2018-11-15 14:35:41+00:00,,,,,
847,issues,podlove_podlove-publisher,2018-11-21 16:09:42+00:00,,,,,
848,issues,podlove_podlove-publisher,2018-11-24 13:03:22+00:00,,,,,
849,issues,podlove_podlove-publisher,2018-11-28 15:29:22+00:00,,,,,
850,issues,podlove_podlove-publisher,2018-11-29 12:54:21+00:00,,,,,
851,issues,podlove_podlove-publisher,2018-12-06 12:11:50+00:00,,,,,
852,issues,podlove_podlove-publisher,2018-12-06 19:02:43+00:00,,,,,
853,issues,podlove_podlove-publisher,2018-12-07 19:21:05+00:00,,,,,
854,issues,podlove_podlove-publisher,2018-12-13 16:39:57+00:00,,,,,
855,issues,podlove_podlove-publisher,2018-12-13 16:44:29+00:00,,,,,
856,issues,podlove_podlove-publisher,2018-12-17 01:06:01+00:00,,,,,
857,issues,podlove_podlove-publisher,2018-12-17 13:21:46+00:00,,,,,
858,issues,podlove_podlove-publisher,2018-12-18 19:09:28+00:00,,,,,
859,issues,podlove_podlove-publisher,2019-01-03 10:53:00+00:00,,,,,
860,issues,podlove_podlove-publisher,2019-01-06 16:19:35+00:00,,,,,
861,issues,podlove_podlove-publisher,2019-01-08 13:04:58+00:00,,,,,
862,issues,podlove_podlove-publisher,2019-01-21 23:37:59+00:00,,,,,
863,issues,podlove_podlove-publisher,2019-01-22 20:39:09+00:00,,,,,
864,issues,podlove_podlove-publisher,2019-02-01 12:07:11+00:00,,,,,
865,issues,podlove_podlove-publisher,2019-02-05 10:53:43+00:00,,,,,
866,issues,podlove_podlove-publisher,2019-02-09 09:43:03+00:00,,,,,
867,issues,podlove_podlove-publisher,2019-02-15 17:35:11+00:00,,,,,
868,issues,podlove_podlove-publisher,2019-02-25 09:50:56+00:00,,,,,
869,issues,podlove_podlove-publisher,2019-03-20 15:02:54+00:00,,,,,
870,issues,podlove_podlove-publisher,2019-03-22 15:21:52+00:00,,,,,
871,issues,podlove_podlove-publisher,2019-03-22 21:44:27+00:00,,,,,
872,issues,podlove_podlove-publisher,2019-03-23 15:41:29+00:00,,,,,
873,issues,podlove_podlove-publisher,2019-03-24 20:24:51+00:00,,,,,
874,issues,podlove_podlove-publisher,2019-04-11 12:22:52+00:00,,,,,
875,issues,podlove_podlove-publisher,2019-05-03 02:42:49+00:00,,,,,
876,issues,podlove_podlove-publisher,2019-05-05 07:08:03+00:00,,,,,
877,issues,podlove_podlove-publisher,2019-05-07 07:36:21+00:00,,,,,
878,issues,podlove_podlove-publisher,2019-05-08 07:51:18+00:00,,,,,
879,issues,podlove_podlove-publisher,2019-05-19 15:31:43+00:00,,,,,
880,issues,podlove_podlove-publisher,2019-06-02 19:38:24+00:00,,,,,
881,issues,podlove_podlove-publisher,2019-06-24 18:55:42+00:00,,,,,
882,issues,podlove_podlove-publisher,2019-07-10 13:14:28+00:00,,,,,
883,issues,podlove_podlove-publisher,2019-07-21 11:24:20+00:00,,,,,
884,issues,podlove_podlove-publisher,2019-07-24 12:05:02+00:00,,,,,
885,issues,podlove_podlove-publisher,2019-08-16 08:58:40+00:00,,,,,
886,issues,podlove_podlove-publisher,2019-08-21 17:20:49+00:00,,,,,
887,issues,podlove_podlove-publisher,2019-08-21 18:02:56+00:00,,,,,
888,issues,podlove_podlove-publisher,2019-08-22 06:24:39+00:00,,,,,
889,issues,podlove_podlove-publisher,2019-08-23 10:32:54+00:00,,,,,
890,issues,podlove_podlove-publisher,2019-08-27 19:51:55+00:00,,,,,
891,issues,podlove_podlove-publisher,2019-08-28 17:52:00+00:00,,,,,
892,issues,podlove_podlove-publisher,2019-09-03 12:24:25+00:00,,,,,
893,issues,podlove_podlove-publisher,2019-09-14 19:50:15+00:00,,,,,
894,issues,podlove_podlove-publisher,2019-10-02 07:40:12+00:00,,,,,
895,issues,podlove_podlove-publisher,2019-10-04 16:08:28+00:00,,,,,
896,issues,podlove_podlove-publisher,2019-10-20 18:45:08+00:00,,,,,
897,issues,podlove_podlove-publisher,2019-10-21 11:44:05+00:00,,,,,
898,issues,podlove_podlove-publisher,2019-11-01 14:01:52+00:00,,,,,
899,issues,podlove_podlove-publisher,2019-11-06 15:11:41+00:00,,,,,
900,issues,podlove_podlove-publisher,2019-11-07 05:37:24+00:00,,,,,
901,issues,podlove_podlove-publisher,2019-11-11 19:58:49+00:00,,,,,
902,issues,podlove_podlove-publisher,2019-11-15 06:37:37+00:00,,,,,
903,issues,podlove_podlove-publisher,2019-11-28 10:59:08+00:00,,,,,
904,issues,podlove_podlove-publisher,2019-12-03 04:26:16+00:00,,,,,
905,issues,podlove_podlove-publisher,2019-12-09 15:04:19+00:00,,,,,
906,issues,podlove_podlove-publisher,2019-12-09 15:06:18+00:00,,,,,
907,issues,podlove_podlove-publisher,2020-01-04 12:25:00+00:00,,,,,
908,issues,podlove_podlove-publisher,2020-01-18 11:50:04+00:00,,,,,
909,issues,podlove_podlove-publisher,2020-02-05 21:28:57+00:00,,,,,
910,issues,podlove_podlove-publisher,2020-03-20 09:04:17+00:00,,,,,
911,issues,podlove_podlove-publisher,2020-03-28 19:23:43+00:00,,,,,
912,issues,podlove_podlove-publisher,2020-04-15 23:21:41+00:00,,,,,
913,issues,podlove_podlove-publisher,2020-04-23 09:29:37+00:00,,,,,
914,issues,podlove_podlove-publisher,2020-04-26 14:06:04+00:00,,,,,
915,issues,podlove_podlove-publisher,2020-04-28 12:08:01+00:00,,,,,
916,issues,podlove_podlove-publisher,2020-05-10 19:45:22+00:00,,,,,
917,issues,podlove_podlove-publisher,2020-05-11 19:20:05+00:00,,,,,
918,issues,podlove_podlove-publisher,2020-05-18 17:14:41+00:00,,,,,
919,issues,podlove_podlove-publisher,2020-05-30 17:41:53+00:00,,,,,
920,issues,podlove_podlove-publisher,2020-06-03 09:43:55+00:00,,,,,
921,issues,podlove_podlove-publisher,2020-07-21 16:53:52+00:00,,,,,
922,issues,podlove_podlove-publisher,2020-07-21 17:16:56+00:00,,,,,
923,issues,podlove_podlove-publisher,2020-08-03 12:11:16+00:00,,,,,
924,issues,podlove_podlove-publisher,2020-08-03 12:15:10+00:00,,,,,
925,issues,podlove_podlove-publisher,2020-08-05 19:02:35+00:00,,,,,
926,issues,podlove_podlove-publisher,2020-08-07 09:14:12+00:00,,,,,
927,issues,podlove_podlove-publisher,2020-08-10 09:31:21+00:00,,,,,
928,issues,podlove_podlove-publisher,2020-08-20 13:19:16+00:00,,,,,
929,issues,podlove_podlove-publisher,2020-08-21 10:36:48+00:00,,,,,
930,issues,podlove_podlove-publisher,2020-08-21 17:46:26+00:00,,,,,
931,issues,podlove_podlove-publisher,2020-08-24 17:52:41+00:00,,,,,
932,issues,podlove_podlove-publisher,2020-08-30 20:48:04+00:00,,,,,
933,issues,podlove_podlove-publisher,2020-09-09 13:00:54+00:00,,,,,
934,issues,podlove_podlove-publisher,2020-09-13 01:49:05+00:00,,,,,
935,issues,podlove_podlove-publisher,2020-09-14 09:22:49+00:00,,,,,
936,issues,podlove_podlove-publisher,2020-09-15 07:58:57+00:00,,,,,
937,issues,podlove_podlove-publisher,2020-09-17 10:49:02+00:00,,,,,
938,issues,podlove_podlove-publisher,2020-09-20 11:40:40+00:00,,,,,
939,issues,podlove_podlove-publisher,2020-09-20 19:25:24+00:00,,,,,
940,issues,podlove_podlove-publisher,2020-09-20 19:57:32+00:00,,,,,
941,issues,podlove_podlove-publisher,2020-09-21 05:57:58+00:00,,,,,
942,issues,podlove_podlove-publisher,2020-09-21 06:01:46+00:00,,,,,
943,issues,podlove_podlove-publisher,2020-09-21 19:38:41+00:00,,,,,
944,issues,podlove_podlove-publisher,2020-09-23 19:53:13+00:00,,,,,
945,issues,podlove_podlove-publisher,2020-09-24 13:24:26+00:00,,,,,
946,issues,podlove_podlove-publisher,2020-09-30 18:20:18+00:00,,,,,
947,issues,podlove_podlove-publisher,2020-10-03 03:39:34+00:00,,,,,
948,issues,podlove_podlove-publisher,2020-10-08 19:44:37+00:00,,,,,
949,issues,podlove_podlove-publisher,2020-10-09 19:49:13+00:00,,,,,
950,issues,podlove_podlove-publisher,2020-10-19 13:01:24+00:00,,,,,
951,issues,podlove_podlove-publisher,2020-10-19 13:19:56+00:00,,,,,
952,issues,podlove_podlove-publisher,2020-11-02 00:42:35+00:00,,,,,
953,issues,podlove_podlove-publisher,2020-11-11 17:01:20+00:00,,,,,
954,issues,podlove_podlove-publisher,2020-09-24 17:04:12+00:00,,,,,
955,issues,podlove_podlove-publisher,2020-11-20 08:13:29+00:00,,,,,
956,issues,podlove_podlove-publisher,2020-11-25 20:35:45+00:00,,,,,
957,issues,podlove_podlove-publisher,2020-11-25 20:44:07+00:00,,,,,
958,issues,podlove_podlove-publisher,2020-11-26 14:18:46+00:00,,,,,
959,issues,podlove_podlove-publisher,2020-11-28 12:15:27+00:00,,,,,
960,issues,podlove_podlove-publisher,2020-11-30 09:02:08+00:00,,,,,
961,issues,podlove_podlove-publisher,2020-12-01 16:04:07+00:00,,,,,
962,issues,podlove_podlove-publisher,2021-01-10 20:57:15+00:00,,,,,
963,issues,podlove_podlove-publisher,2021-01-19 08:54:03+00:00,,,,,
964,issues,podlove_podlove-publisher,2021-01-23 14:13:52+00:00,,,,,
965,issues,podlove_podlove-publisher,2021-02-04 21:12:12+00:00,,,,,
966,issues,podlove_podlove-publisher,2021-02-06 13:46:27+00:00,,,,,
967,issues,podlove_podlove-publisher,2021-02-06 14:33:12+00:00,,,,,
968,issues,podlove_podlove-publisher,2021-02-10 23:55:20+00:00,,,,,
969,issues,podlove_podlove-publisher,2021-02-13 11:41:05+00:00,,,,,
970,issues,podlove_podlove-publisher,2021-02-14 07:06:09+00:00,,,,,
971,issues,podlove_podlove-publisher,2021-02-15 20:24:40+00:00,,,,,
972,issues,podlove_podlove-publisher,2021-02-22 18:58:09+00:00,,,,,
973,issues,podlove_podlove-publisher,2021-02-24 22:40:16+00:00,,,,,
974,issues,podlove_podlove-publisher,2021-03-01 09:45:01+00:00,,,,,
975,issues,podlove_podlove-publisher,2021-03-03 09:00:22+00:00,,,,,
976,issues,podlove_podlove-publisher,2021-03-09 08:07:03+00:00,,,,,
977,issues,podlove_podlove-publisher,2021-03-18 16:51:46+00:00,,,,,
978,issues,podlove_podlove-publisher,2021-03-25 17:23:32+00:00,,,,,
979,issues,podlove_podlove-publisher,2021-03-26 11:05:45+00:00,,,,,
980,issues,podlove_podlove-publisher,2021-04-04 08:57:02+00:00,,,,,
981,issues,podlove_podlove-publisher,2021-04-05 15:11:38+00:00,,,,,
982,issues,podlove_podlove-publisher,2021-04-06 22:56:46+00:00,,,,,
983,issues,podlove_podlove-publisher,2021-04-10 12:11:00+00:00,,,,,
984,issues,podlove_podlove-publisher,2021-04-12 11:51:41+00:00,,,,,
985,issues,podlove_podlove-publisher,2021-04-17 08:49:26+00:00,,,,,
986,issues,podlove_podlove-publisher,2021-04-20 08:10:42+00:00,,,,,
987,issues,podlove_podlove-publisher,2021-04-24 06:58:35+00:00,,,,,
988,issues,podlove_podlove-publisher,2021-04-24 07:12:03+00:00,,,,,
989,issues,podlove_podlove-publisher,2021-04-24 07:54:34+00:00,,,,,
990,issues,podlove_podlove-publisher,2021-04-24 20:45:29+00:00,,,,,
991,issues,podlove_podlove-publisher,2021-05-09 20:04:41+00:00,,,,,
992,issues,podlove_podlove-publisher,2021-05-16 14:55:30+00:00,,,,,
993,issues,podlove_podlove-publisher,2021-05-24 22:35:04+00:00,,,,,
994,issues,podlove_podlove-publisher,2021-06-14 21:12:13+00:00,,,,,
995,issues,podlove_podlove-publisher,2021-06-14 21:27:48+00:00,,,,,
996,issues,podlove_podlove-publisher,2021-06-14 21:35:52+00:00,,,,,
997,issues,podlove_podlove-publisher,2021-06-20 20:44:49+00:00,,,,,
998,issues,podlove_podlove-publisher,2021-06-21 07:55:17+00:00,,,,,
999,issues,podlove_podlove-publisher,2021-07-16 19:17:33+00:00,,,,,
1000,issues,podlove_podlove-publisher,2021-07-19 12:28:22+00:00,,,,,
1001,issues,podlove_podlove-publisher,2021-08-13 13:39:19+00:00,,,,,
1002,issues,podlove_podlove-publisher,2021-09-15 21:30:07+00:00,,,,,
1003,issues,podlove_podlove-publisher,2021-09-19 19:15:09+00:00,,,,,
1004,issues,podlove_podlove-publisher,2021-10-02 17:07:46+00:00,,,,,
1005,issues,podlove_podlove-publisher,2021-10-16 12:13:12+00:00,,,,,
1006,issues,podlove_podlove-publisher,2021-11-02 20:23:18+00:00,,,,,
1007,issues,podlove_podlove-publisher,2021-11-21 16:29:20+00:00,,,,,
1008,issues,podlove_podlove-publisher,2021-12-03 15:01:13+00:00,,,,,
1009,issues,podlove_podlove-publisher,2021-12-19 15:59:21+00:00,,,,,
1010,issues,podlove_podlove-publisher,2021-12-20 09:39:18+00:00,,,,,
1011,issues,podlove_podlove-publisher,2022-01-04 07:35:05+00:00,,,,,
1012,issues,podlove_podlove-publisher,2022-01-04 11:08:42+00:00,,,,,
1013,issues,podlove_podlove-publisher,2022-01-07 10:38:04+00:00,,,,,
1014,issues,podlove_podlove-publisher,2022-01-10 08:39:28+00:00,,,,,
1015,issues,podlove_podlove-publisher,2022-01-17 13:54:33+00:00,,,,,
1016,issues,podlove_podlove-publisher,2022-01-21 10:09:01+00:00,,,,,
1017,issues,podlove_podlove-publisher,2022-01-23 23:05:04+00:00,,,,,
1018,issues,podlove_podlove-publisher,2022-01-25 21:03:32+00:00,,,,,
1019,issues,podlove_podlove-publisher,2022-02-01 17:13:13+00:00,,,,,
1020,issues,podlove_podlove-publisher,2022-02-08 06:33:01+00:00,,,,,
1021,issues,podlove_podlove-publisher,2022-02-11 13:05:23+00:00,,,,,
1022,issues,podlove_podlove-publisher,2022-02-13 20:59:07+00:00,,,,,
1023,issues,podlove_podlove-publisher,2022-02-17 08:27:53+00:00,,,,,
1024,issues,podlove_podlove-publisher,2022-02-19 08:28:42+00:00,,,,,
1025,issues,podlove_podlove-publisher,2022-02-19 11:36:56+00:00,,,,,
1026,issues,podlove_podlove-publisher,2022-02-20 20:15:28+00:00,,,,,
1027,issues,podlove_podlove-publisher,2022-02-25 08:12:07+00:00,,,,,
1028,issues,podlove_podlove-publisher,2022-03-11 19:53:29+00:00,,,,,
1029,issues,podlove_podlove-publisher,2022-03-18 11:44:59+00:00,,,,,
1030,issues,podlove_podlove-publisher,2022-04-10 20:28:57+00:00,,,,,
1031,issues,podlove_podlove-publisher,2022-04-18 21:36:40+00:00,,,,,
1032,issues,podlove_podlove-publisher,2022-04-22 19:13:46+00:00,,,,,
1033,issues,podlove_podlove-publisher,2022-04-23 10:37:35+00:00,,,,,
1034,issues,podlove_podlove-publisher,2022-05-04 07:14:36+00:00,,,,,
1035,issues,podlove_podlove-publisher,2022-05-05 07:39:37+00:00,,,,,
1036,issues,podlove_podlove-publisher,2022-05-18 07:43:36+00:00,,,,,
1037,issues,podlove_podlove-publisher,2022-06-02 06:21:50+00:00,,,,,
1038,issues,podlove_podlove-publisher,2022-06-06 20:41:23+00:00,,,,,
1039,issues,podlove_podlove-publisher,2022-07-02 20:04:45+00:00,,,,,
0,pullRequests,podlove_podlove-publisher,2013-03-16 16:40:44+00:00,,,,,
1,pullRequests,podlove_podlove-publisher,2013-03-25 23:12:04+00:00,,,,,
2,pullRequests,podlove_podlove-publisher,2013-03-27 19:13:56+00:00,,,,,
3,pullRequests,podlove_podlove-publisher,2013-03-27 21:09:47+00:00,,,,,
4,pullRequests,podlove_podlove-publisher,2013-04-18 15:01:14+00:00,,,,,
5,pullRequests,podlove_podlove-publisher,2013-05-05 09:05:48+00:00,,,,,
6,pullRequests,podlove_podlove-publisher,2013-05-05 09:34:11+00:00,,,,,
7,pullRequests,podlove_podlove-publisher,2013-05-31 18:06:50+00:00,,,,,
8,pullRequests,podlove_podlove-publisher,2013-06-23 20:18:28+00:00,,,,,
9,pullRequests,podlove_podlove-publisher,2013-06-26 08:14:14+00:00,,,,,
10,pullRequests,podlove_podlove-publisher,2013-06-27 20:33:06+00:00,,,,,
11,pullRequests,podlove_podlove-publisher,2013-06-28 14:39:55+00:00,,,,,
12,pullRequests,podlove_podlove-publisher,2013-06-28 19:18:17+00:00,,,,,
13,pullRequests,podlove_podlove-publisher,2013-07-11 10:43:36+00:00,,,,,
14,pullRequests,podlove_podlove-publisher,2013-07-15 19:54:35+00:00,,,,,
15,pullRequests,podlove_podlove-publisher,2013-08-21 09:55:21+00:00,,,,,
16,pullRequests,podlove_podlove-publisher,2013-09-16 07:37:22+00:00,,,,,
17,pullRequests,podlove_podlove-publisher,2013-09-23 20:00:56+00:00,,,,,
18,pullRequests,podlove_podlove-publisher,2013-09-29 13:49:38+00:00,,,,,
19,pullRequests,podlove_podlove-publisher,2013-10-18 19:03:30+00:00,,,,,
20,pullRequests,podlove_podlove-publisher,2013-10-20 13:38:57+00:00,,,,,
21,pullRequests,podlove_podlove-publisher,2013-10-20 13:53:44+00:00,,,,,
22,pullRequests,podlove_podlove-publisher,2013-10-28 15:34:39+00:00,,,,,
23,pullRequests,podlove_podlove-publisher,2013-12-21 09:58:16+00:00,,,,,
24,pullRequests,podlove_podlove-publisher,2013-12-21 11:49:43+00:00,,,,,
25,pullRequests,podlove_podlove-publisher,2013-12-23 20:04:07+00:00,,,,,
26,pullRequests,podlove_podlove-publisher,2013-12-24 11:02:16+00:00,,,,,
27,pullRequests,podlove_podlove-publisher,2013-12-27 16:55:09+00:00,,,,,
28,pullRequests,podlove_podlove-publisher,2014-01-01 11:57:58+00:00,,,,,
29,pullRequests,podlove_podlove-publisher,2014-01-02 19:43:22+00:00,,,,,
30,pullRequests,podlove_podlove-publisher,2014-01-05 12:48:10+00:00,,,,,
31,pullRequests,podlove_podlove-publisher,2014-01-19 21:33:54+00:00,,,,,
32,pullRequests,podlove_podlove-publisher,2014-02-22 13:10:17+00:00,,,,,
33,pullRequests,podlove_podlove-publisher,2014-02-27 16:15:57+00:00,,,,,
34,pullRequests,podlove_podlove-publisher,2014-03-02 09:07:13+00:00,,,,,
35,pullRequests,podlove_podlove-publisher,2014-03-03 07:47:20+00:00,,,,,
36,pullRequests,podlove_podlove-publisher,2014-03-04 11:47:40+00:00,,,,,
37,pullRequests,podlove_podlove-publisher,2014-03-06 11:42:30+00:00,,,,,
38,pullRequests,podlove_podlove-publisher,2014-03-08 16:15:25+00:00,,,,,
39,pullRequests,podlove_podlove-publisher,2014-03-10 20:20:02+00:00,,,,,
40,pullRequests,podlove_podlove-publisher,2014-03-14 08:16:41+00:00,,,,,
41,pullRequests,podlove_podlove-publisher,2014-03-14 20:14:53+00:00,,,,,
42,pullRequests,podlove_podlove-publisher,2014-03-15 11:11:41+00:00,,,,,
43,pullRequests,podlove_podlove-publisher,2014-03-16 13:04:39+00:00,,,,,
44,pullRequests,podlove_podlove-publisher,2014-03-16 22:00:29+00:00,,,,,
45,pullRequests,podlove_podlove-publisher,2014-03-18 13:36:02+00:00,,,,,
46,pullRequests,podlove_podlove-publisher,2014-03-18 19:41:58+00:00,,,,,
47,pullRequests,podlove_podlove-publisher,2014-03-19 21:44:32+00:00,,,,,
48,pullRequests,podlove_podlove-publisher,2014-03-24 08:20:40+00:00,,,,,
49,pullRequests,podlove_podlove-publisher,2014-03-25 09:17:32+00:00,,,,,
50,pullRequests,podlove_podlove-publisher,2014-03-26 12:38:35+00:00,,,,,
51,pullRequests,podlove_podlove-publisher,2014-03-26 15:36:53+00:00,,,,,
52,pullRequests,podlove_podlove-publisher,2014-03-27 12:50:20+00:00,,,,,
53,pullRequests,podlove_podlove-publisher,2014-03-29 10:56:14+00:00,,,,,
54,pullRequests,podlove_podlove-publisher,2014-03-30 10:08:49+00:00,,,,,
55,pullRequests,podlove_podlove-publisher,2014-03-30 10:29:26+00:00,,,,,
56,pullRequests,podlove_podlove-publisher,2014-04-07 12:06:58+00:00,,,,,
57,pullRequests,podlove_podlove-publisher,2014-04-07 19:56:44+00:00,,,,,
58,pullRequests,podlove_podlove-publisher,2014-04-08 13:20:55+00:00,,,,,
59,pullRequests,podlove_podlove-publisher,2014-04-09 08:27:42+00:00,,,,,
60,pullRequests,podlove_podlove-publisher,2014-04-10 09:42:28+00:00,,,,,
61,pullRequests,podlove_podlove-publisher,2014-04-17 13:20:34+00:00,,,,,
62,pullRequests,podlove_podlove-publisher,2014-04-21 17:39:49+00:00,,,,,
63,pullRequests,podlove_podlove-publisher,2014-04-28 08:13:02+00:00,,,,,
64,pullRequests,podlove_podlove-publisher,2014-05-18 15:55:11+00:00,,,,,
65,pullRequests,podlove_podlove-publisher,2014-06-03 15:30:37+00:00,,,,,
66,pullRequests,podlove_podlove-publisher,2014-06-06 13:51:37+00:00,,,,,
67,pullRequests,podlove_podlove-publisher,2014-06-09 14:53:58+00:00,,,,,
68,pullRequests,podlove_podlove-publisher,2014-06-16 12:00:52+00:00,,,,,
69,pullRequests,podlove_podlove-publisher,2014-06-19 14:43:03+00:00,,,,,
70,pullRequests,podlove_podlove-publisher,2014-06-24 04:49:03+00:00,,,,,
71,pullRequests,podlove_podlove-publisher,2014-06-24 05:45:32+00:00,,,,,
72,pullRequests,podlove_podlove-publisher,2014-07-01 08:37:55+00:00,,,,,
73,pullRequests,podlove_podlove-publisher,2014-07-01 08:40:22+00:00,,,,,
74,pullRequests,podlove_podlove-publisher,2014-07-15 18:40:47+00:00,,,,,
75,pullRequests,podlove_podlove-publisher,2014-08-02 12:23:48+00:00,,,,,
76,pullRequests,podlove_podlove-publisher,2014-08-02 12:28:12+00:00,,,,,
77,pullRequests,podlove_podlove-publisher,2014-08-07 13:50:00+00:00,,,,,
78,pullRequests,podlove_podlove-publisher,2014-08-12 09:15:09+00:00,,,,,
79,pullRequests,podlove_podlove-publisher,2014-09-06 03:16:12+00:00,,,,,
80,pullRequests,podlove_podlove-publisher,2014-10-09 20:50:26+00:00,,,,,
81,pullRequests,podlove_podlove-publisher,2014-10-14 17:42:38+00:00,,,,,
82,pullRequests,podlove_podlove-publisher,2014-10-15 14:50:51+00:00,,,,,
83,pullRequests,podlove_podlove-publisher,2014-10-15 17:51:35+00:00,,,,,
84,pullRequests,podlove_podlove-publisher,2014-10-16 07:14:34+00:00,,,,,
85,pullRequests,podlove_podlove-publisher,2014-10-16 07:17:39+00:00,,,,,
86,pullRequests,podlove_podlove-publisher,2014-11-11 14:02:31+00:00,,,,,
87,pullRequests,podlove_podlove-publisher,2014-11-11 15:59:18+00:00,,,,,
88,pullRequests,podlove_podlove-publisher,2014-11-13 21:33:32+00:00,,,,,
89,pullRequests,podlove_podlove-publisher,2014-11-19 13:59:30+00:00,,,,,
90,pullRequests,podlove_podlove-publisher,2014-11-19 16:17:46+00:00,,,,,
91,pullRequests,podlove_podlove-publisher,2014-11-28 19:09:53+00:00,,,,,
92,pullRequests,podlove_podlove-publisher,2014-11-30 11:59:32+00:00,,,,,
93,pullRequests,podlove_podlove-publisher,2014-12-02 20:45:19+00:00,,,,,
94,pullRequests,podlove_podlove-publisher,2014-12-07 16:13:12+00:00,,,,,
95,pullRequests,podlove_podlove-publisher,2014-12-07 21:26:09+00:00,,,,,
96,pullRequests,podlove_podlove-publisher,2014-12-19 12:54:16+00:00,,,,,
97,pullRequests,podlove_podlove-publisher,2015-01-13 09:21:08+00:00,,,,,
98,pullRequests,podlove_podlove-publisher,2015-01-13 10:36:45+00:00,,,,,
99,pullRequests,podlove_podlove-publisher,2015-01-13 15:33:50+00:00,,,,,
100,pullRequests,podlove_podlove-publisher,2015-01-24 13:25:08+00:00,,,,,
101,pullRequests,podlove_podlove-publisher,2015-01-24 20:43:33+00:00,,,,,
102,pullRequests,podlove_podlove-publisher,2015-02-17 11:18:16+00:00,,,,,
103,pullRequests,podlove_podlove-publisher,2015-02-23 07:58:31+00:00,,,,,
104,pullRequests,podlove_podlove-publisher,2015-02-28 09:43:33+00:00,,,,,
105,pullRequests,podlove_podlove-publisher,2015-03-02 19:18:46+00:00,,,,,
106,pullRequests,podlove_podlove-publisher,2015-03-03 20:34:34+00:00,,,,,
107,pullRequests,podlove_podlove-publisher,2015-03-08 11:28:43+00:00,,,,,
108,pullRequests,podlove_podlove-publisher,2015-03-24 13:26:42+00:00,,,,,
109,pullRequests,podlove_podlove-publisher,2015-03-26 10:15:41+00:00,,,,,
110,pullRequests,podlove_podlove-publisher,2015-04-04 12:08:11+00:00,,,,,
111,pullRequests,podlove_podlove-publisher,2015-04-19 20:14:41+00:00,,,,,
112,pullRequests,podlove_podlove-publisher,2015-05-01 10:13:04+00:00,,,,,
113,pullRequests,podlove_podlove-publisher,2015-05-08 22:22:43+00:00,,,,,
114,pullRequests,podlove_podlove-publisher,2015-05-12 08:40:57+00:00,,,,,
115,pullRequests,podlove_podlove-publisher,2015-05-19 12:26:30+00:00,,,,,
116,pullRequests,podlove_podlove-publisher,2015-05-20 08:27:42+00:00,,,,,
117,pullRequests,podlove_podlove-publisher,2015-05-20 08:31:20+00:00,,,,,
118,pullRequests,podlove_podlove-publisher,2015-05-22 09:48:11+00:00,,,,,
119,pullRequests,podlove_podlove-publisher,2015-06-27 05:29:41+00:00,,,,,
120,pullRequests,podlove_podlove-publisher,2015-08-27 17:45:36+00:00,,,,,
121,pullRequests,podlove_podlove-publisher,2015-08-29 03:50:08+00:00,,,,,
122,pullRequests,podlove_podlove-publisher,2015-08-30 10:07:15+00:00,,,,,
123,pullRequests,podlove_podlove-publisher,2015-10-20 18:52:38+00:00,,,,,
124,pullRequests,podlove_podlove-publisher,2015-10-24 21:46:28+00:00,,,,,
125,pullRequests,podlove_podlove-publisher,2015-10-29 18:12:14+00:00,,,,,
126,pullRequests,podlove_podlove-publisher,2015-11-13 18:44:22+00:00,,,,,
127,pullRequests,podlove_podlove-publisher,2015-12-19 18:32:04+00:00,,,,,
128,pullRequests,podlove_podlove-publisher,2016-02-12 17:15:40+00:00,,,,,
129,pullRequests,podlove_podlove-publisher,2016-07-24 22:47:30+00:00,,,,,
130,pullRequests,podlove_podlove-publisher,2016-08-23 19:23:10+00:00,,,,,
131,pullRequests,podlove_podlove-publisher,2016-09-18 21:51:16+00:00,,,,,
132,pullRequests,podlove_podlove-publisher,2016-11-18 11:52:19+00:00,,,,,
133,pullRequests,podlove_podlove-publisher,2016-11-18 13:35:00+00:00,,,,,
134,pullRequests,podlove_podlove-publisher,2016-11-28 09:45:05+00:00,,,,,
135,pullRequests,podlove_podlove-publisher,2016-12-31 08:57:39+00:00,,,,,
136,pullRequests,podlove_podlove-publisher,2016-12-31 12:24:28+00:00,,,,,
137,pullRequests,podlove_podlove-publisher,2017-03-01 01:01:25+00:00,,,,,
138,pullRequests,podlove_podlove-publisher,2017-04-08 12:36:37+00:00,,,,,
139,pullRequests,podlove_podlove-publisher,2017-04-08 12:37:29+00:00,,,,,
140,pullRequests,podlove_podlove-publisher,2017-04-09 09:18:15+00:00,,,,,
141,pullRequests,podlove_podlove-publisher,2017-04-09 10:46:49+00:00,,,,,
142,pullRequests,podlove_podlove-publisher,2017-04-12 13:58:13+00:00,,,,,
143,pullRequests,podlove_podlove-publisher,2017-04-15 13:02:49+00:00,,,,,
144,pullRequests,podlove_podlove-publisher,2017-04-16 09:52:59+00:00,,,,,
145,pullRequests,podlove_podlove-publisher,2017-04-18 14:30:25+00:00,,,,,
146,pullRequests,podlove_podlove-publisher,2017-04-18 17:35:15+00:00,,,,,
147,pullRequests,podlove_podlove-publisher,2017-04-21 16:32:06+00:00,,,,,
148,pullRequests,podlove_podlove-publisher,2017-05-02 09:35:21+00:00,,,,,
149,pullRequests,podlove_podlove-publisher,2017-05-02 12:49:29+00:00,,,,,
150,pullRequests,podlove_podlove-publisher,2017-05-02 12:53:22+00:00,,,,,
151,pullRequests,podlove_podlove-publisher,2017-05-18 21:31:17+00:00,,,,,
152,pullRequests,podlove_podlove-publisher,2017-05-18 22:03:33+00:00,,,,,
153,pullRequests,podlove_podlove-publisher,2017-08-17 10:01:21+00:00,,,,,
154,pullRequests,podlove_podlove-publisher,2017-08-17 10:38:13+00:00,,,,,
155,pullRequests,podlove_podlove-publisher,2017-11-24 10:15:44+00:00,,,,,
156,pullRequests,podlove_podlove-publisher,2018-01-06 16:39:28+00:00,,,,,
157,pullRequests,podlove_podlove-publisher,2018-01-13 16:11:47+00:00,,,,,
158,pullRequests,podlove_podlove-publisher,2018-01-13 16:29:08+00:00,,,,,
159,pullRequests,podlove_podlove-publisher,2018-03-30 10:25:25+00:00,,,,,
160,pullRequests,podlove_podlove-publisher,2018-03-30 13:34:31+00:00,,,,,
161,pullRequests,podlove_podlove-publisher,2018-04-18 17:06:51+00:00,,,,,
162,pullRequests,podlove_podlove-publisher,2018-09-15 10:50:58+00:00,,,,,
163,pullRequests,podlove_podlove-publisher,2018-10-08 14:52:12+00:00,,,,,
164,pullRequests,podlove_podlove-publisher,2018-10-27 15:00:22+00:00,,,,,
165,pullRequests,podlove_podlove-publisher,2018-10-31 07:04:01+00:00,,,,,
166,pullRequests,podlove_podlove-publisher,2019-01-12 21:10:09+00:00,,,,,
167,pullRequests,podlove_podlove-publisher,2019-01-25 15:24:24+00:00,,,,,
168,pullRequests,podlove_podlove-publisher,2019-03-26 18:44:41+00:00,,,,,
169,pullRequests,podlove_podlove-publisher,2019-06-07 02:40:17+00:00,,,,,
170,pullRequests,podlove_podlove-publisher,2019-07-18 11:14:32+00:00,,,,,
171,pullRequests,podlove_podlove-publisher,2019-07-21 16:04:38+00:00,,,,,
172,pullRequests,podlove_podlove-publisher,2019-07-25 00:02:23+00:00,,,,,
173,pullRequests,podlove_podlove-publisher,2019-07-28 20:38:09+00:00,,,,,
174,pullRequests,podlove_podlove-publisher,2019-07-30 11:22:21+00:00,,,,,
175,pullRequests,podlove_podlove-publisher,2019-08-20 16:19:41+00:00,,,,,
176,pullRequests,podlove_podlove-publisher,2019-08-30 17:16:27+00:00,,,,,
177,pullRequests,podlove_podlove-publisher,2019-09-14 15:03:15+00:00,,,,,
178,pullRequests,podlove_podlove-publisher,2019-11-01 20:26:52+00:00,,,,,
179,pullRequests,podlove_podlove-publisher,2019-11-14 20:12:15+00:00,,,,,
180,pullRequests,podlove_podlove-publisher,2019-11-14 20:12:17+00:00,,,,,
181,pullRequests,podlove_podlove-publisher,2019-11-14 20:12:18+00:00,,,,,
182,pullRequests,podlove_podlove-publisher,2019-11-14 20:12:18+00:00,,,,,
183,pullRequests,podlove_podlove-publisher,2019-11-14 20:12:29+00:00,,,,,
184,pullRequests,podlove_podlove-publisher,2019-12-13 18:47:52+00:00,,,,,
185,pullRequests,podlove_podlove-publisher,2020-02-22 23:19:18+00:00,,,,,
186,pullRequests,podlove_podlove-publisher,2020-03-03 08:14:46+00:00,,,,,
187,pullRequests,podlove_podlove-publisher,2020-03-08 15:28:21+00:00,,,,,
188,pullRequests,podlove_podlove-publisher,2020-03-10 11:31:50+00:00,,,,,
189,pullRequests,podlove_podlove-publisher,2020-03-15 19:47:05+00:00,,,,,
190,pullRequests,podlove_podlove-publisher,2020-04-30 14:25:31+00:00,,,,,
191,pullRequests,podlove_podlove-publisher,2020-05-22 16:14:57+00:00,,,,,
192,pullRequests,podlove_podlove-publisher,2020-06-06 14:55:34+00:00,,,,,
193,pullRequests,podlove_podlove-publisher,2020-06-19 12:45:54+00:00,,,,,
194,pullRequests,podlove_podlove-publisher,2020-06-26 21:36:53+00:00,,,,,
195,pullRequests,podlove_podlove-publisher,2020-07-07 15:59:09+00:00,,,,,
196,pullRequests,podlove_podlove-publisher,2020-07-07 19:53:54+00:00,,,,,
197,pullRequests,podlove_podlove-publisher,2020-07-16 23:00:56+00:00,,,,,
198,pullRequests,podlove_podlove-publisher,2020-07-19 11:02:08+00:00,,,,,
199,pullRequests,podlove_podlove-publisher,2020-07-26 17:15:57+00:00,,,,,
200,pullRequests,podlove_podlove-publisher,2020-07-30 14:23:50+00:00,,,,,
201,pullRequests,podlove_podlove-publisher,2020-07-31 07:42:46+00:00,,,,,
202,pullRequests,podlove_podlove-publisher,2020-07-31 07:42:53+00:00,,,,,
203,pullRequests,podlove_podlove-publisher,2020-08-17 18:11:08+00:00,,,,,
204,pullRequests,podlove_podlove-publisher,2020-08-31 12:37:07+00:00,,,,,
205,pullRequests,podlove_podlove-publisher,2020-09-15 13:43:46+00:00,,,,,
206,pullRequests,podlove_podlove-publisher,2020-09-18 08:36:22+00:00,,,,,
207,pullRequests,podlove_podlove-publisher,2020-10-02 21:08:42+00:00,,,,,
208,pullRequests,podlove_podlove-publisher,2020-10-02 22:34:16+00:00,,,,,
209,pullRequests,podlove_podlove-publisher,2020-10-04 12:20:06+00:00,,,,,
210,pullRequests,podlove_podlove-publisher,2020-10-09 07:13:50+00:00,,,,,
211,pullRequests,podlove_podlove-publisher,2020-10-17 09:15:25+00:00,,,,,
212,pullRequests,podlove_podlove-publisher,2020-10-22 20:19:40+00:00,,,,,
213,pullRequests,podlove_podlove-publisher,2020-11-07 08:46:15+00:00,,,,,
214,pullRequests,podlove_podlove-publisher,2020-11-27 14:54:57+00:00,,,,,
215,pullRequests,podlove_podlove-publisher,2020-12-01 20:32:24+00:00,,,,,
216,pullRequests,podlove_podlove-publisher,2021-01-06 08:22:27+00:00,,,,,
217,pullRequests,podlove_podlove-publisher,2021-02-28 10:11:09+00:00,,,,,
218,pullRequests,podlove_podlove-publisher,2021-03-19 21:21:01+00:00,,,,,
219,pullRequests,podlove_podlove-publisher,2021-03-28 07:26:11+00:00,,,,,
220,pullRequests,podlove_podlove-publisher,2021-04-06 19:52:54+00:00,,,,,
221,pullRequests,podlove_podlove-publisher,2021-04-13 13:50:06+00:00,,,,,
222,pullRequests,podlove_podlove-publisher,2021-04-17 11:25:45+00:00,,,,,
223,pullRequests,podlove_podlove-publisher,2021-04-25 06:48:36+00:00,,,,,
224,pullRequests,podlove_podlove-publisher,2021-06-06 18:58:14+00:00,,,,,
225,pullRequests,podlove_podlove-publisher,2021-06-13 17:59:42+00:00,,,,,
226,pullRequests,podlove_podlove-publisher,2021-07-29 19:44:26+00:00,,,,,
227,pullRequests,podlove_podlove-publisher,2021-08-28 11:29:24+00:00,,,,,
228,pullRequests,podlove_podlove-publisher,2021-09-03 20:04:55+00:00,,,,,
229,pullRequests,podlove_podlove-publisher,2021-09-07 20:36:04+00:00,,,,,
230,pullRequests,podlove_podlove-publisher,2021-09-18 19:29:51+00:00,,,,,
231,pullRequests,podlove_podlove-publisher,2021-09-23 23:51:06+00:00,,,,,
232,pullRequests,podlove_podlove-publisher,2021-09-24 00:13:19+00:00,,,,,
233,pullRequests,podlove_podlove-publisher,2021-10-30 08:59:33+00:00,,,,,
234,pullRequests,podlove_podlove-publisher,2021-11-01 11:48:41+00:00,,,,,
235,pullRequests,podlove_podlove-publisher,2021-11-01 13:32:28+00:00,,,,,
236,pullRequests,podlove_podlove-publisher,2021-11-07 11:35:19+00:00,,,,,
237,pullRequests,podlove_podlove-publisher,2021-11-11 14:40:34+00:00,,,,,
238,pullRequests,podlove_podlove-publisher,2022-01-08 15:16:50+00:00,,,,,
239,pullRequests,podlove_podlove-publisher,2022-01-15 03:25:03+00:00,,,,,
240,pullRequests,podlove_podlove-publisher,2022-01-16 15:08:06+00:00,,,,,
241,pullRequests,podlove_podlove-publisher,2022-01-21 10:27:27+00:00,,,,,
242,pullRequests,podlove_podlove-publisher,2022-01-23 14:58:08+00:00,,,,,
243,pullRequests,podlove_podlove-publisher,2022-01-28 14:08:25+00:00,,,,,
244,pullRequests,podlove_podlove-publisher,2022-01-28 14:08:26+00:00,,,,,
245,pullRequests,podlove_podlove-publisher,2022-01-28 14:08:27+00:00,,,,,
246,pullRequests,podlove_podlove-publisher,2022-01-28 14:08:27+00:00,,,,,
247,pullRequests,podlove_podlove-publisher,2022-02-07 08:50:16+00:00,,,,,
248,pullRequests,podlove_podlove-publisher,2022-02-15 10:01:30+00:00,,,,,
249,pullRequests,podlove_podlove-publisher,2022-02-19 05:49:16+00:00,,,,,
250,pullRequests,podlove_podlove-publisher,2022-02-27 09:16:06+00:00,,,,,
251,pullRequests,podlove_podlove-publisher,2022-03-23 19:12:18+00:00,,,,,
252,pullRequests,podlove_podlove-publisher,2022-03-23 19:13:15+00:00,,,,,
253,pullRequests,podlove_podlove-publisher,2022-03-23 20:00:23+00:00,,,,,
254,pullRequests,podlove_podlove-publisher,2022-03-27 08:50:12+00:00,,,,,
255,pullRequests,podlove_podlove-publisher,2022-04-03 14:27:14+00:00,,,,,
256,pullRequests,podlove_podlove-publisher,2022-04-10 18:08:46+00:00,,,,,
257,pullRequests,podlove_podlove-publisher,2022-04-23 13:29:55+00:00,,,,,
258,pullRequests,podlove_podlove-publisher,2022-04-29 17:39:33+00:00,,,,,
259,pullRequests,podlove_podlove-publisher,2022-05-15 12:27:57+00:00,,,,,
260,pullRequests,podlove_podlove-publisher,2022-05-21 07:34:20+00:00,,,,,
261,pullRequests,podlove_podlove-publisher,2022-06-06 12:24:33+00:00,,,,,
262,pullRequests,podlove_podlove-publisher,2022-06-09 15:00:57+00:00,,,,,
263,pullRequests,podlove_podlove-publisher,2022-06-12 11:34:27+00:00,,,,,
264,pullRequests,podlove_podlove-publisher,2022-06-19 19:16:05+00:00,,,,,
265,pullRequests,podlove_podlove-publisher,2022-07-03 19:02:44+00:00,,,,,
0,releases,podlove_podlove-publisher,2013-07-03 14:01:31+00:00,,,,,
1,releases,podlove_podlove-publisher,2013-07-06 10:29:52+00:00,,,,,
2,releases,podlove_podlove-publisher,2013-07-11 13:12:43+00:00,,,,,
3,releases,podlove_podlove-publisher,2013-07-18 08:46:14+00:00,,,,,
4,releases,podlove_podlove-publisher,2013-07-27 08:07:39+00:00,,,,,
5,releases,podlove_podlove-publisher,2013-07-27 10:02:57+00:00,,,,,
6,releases,podlove_podlove-publisher,2013-07-27 11:25:25+00:00,,,,,
7,releases,podlove_podlove-publisher,2013-08-11 14:55:34+00:00,,,,,
8,releases,podlove_podlove-publisher,2013-07-27 14:18:20+00:00,,,,,
9,releases,podlove_podlove-publisher,2013-09-13 11:00:51+00:00,,,,,
10,releases,podlove_podlove-publisher,2013-10-19 16:51:25+00:00,,,,,
11,releases,podlove_podlove-publisher,2013-10-28 16:28:06+00:00,,,,,
12,releases,podlove_podlove-publisher,2013-10-30 20:15:11+00:00,,,,,
13,releases,podlove_podlove-publisher,2013-11-29 13:41:29+00:00,,,,,
14,releases,podlove_podlove-publisher,2013-12-09 15:05:32+00:00,,,,,
15,releases,podlove_podlove-publisher,2013-12-23 22:06:05+00:00,,,,,
16,releases,podlove_podlove-publisher,2013-12-28 19:11:03+00:00,,,,,
17,releases,podlove_podlove-publisher,2014-01-14 21:39:14+00:00,,,,,
18,releases,podlove_podlove-publisher,2014-01-16 21:07:12+00:00,,,,,
19,releases,podlove_podlove-publisher,2014-01-21 11:44:31+00:00,,,,,
20,releases,podlove_podlove-publisher,2014-02-13 14:54:20+00:00,,,,,
21,releases,podlove_podlove-publisher,2014-02-14 16:09:44+00:00,,,,,
22,releases,podlove_podlove-publisher,2014-03-10 13:20:08+00:00,,,,,
23,releases,podlove_podlove-publisher,2014-03-10 14:56:40+00:00,,,,,
24,releases,podlove_podlove-publisher,2014-03-14 06:30:12+00:00,,,,,
25,releases,podlove_podlove-publisher,2014-03-26 09:42:47+00:00,,,,,
26,releases,podlove_podlove-publisher,2014-03-28 14:43:46+00:00,,,,,
27,releases,podlove_podlove-publisher,2014-04-08 14:34:20+00:00,,,,,
28,releases,podlove_podlove-publisher,2014-06-04 14:27:51+00:00,,,,,
29,releases,podlove_podlove-publisher,2014-06-05 10:49:41+00:00,,,,,
30,releases,podlove_podlove-publisher,2014-06-10 10:37:22+00:00,,,,,
31,releases,podlove_podlove-publisher,2014-06-12 07:39:21+00:00,,,,,
32,releases,podlove_podlove-publisher,2014-06-16 07:59:23+00:00,,,,,
33,releases,podlove_podlove-publisher,2014-07-07 14:07:03+00:00,,,,,
34,releases,podlove_podlove-publisher,2014-07-15 09:45:47+00:00,,,,,
35,releases,podlove_podlove-publisher,2014-07-16 13:17:29+00:00,,,,,
36,releases,podlove_podlove-publisher,2014-08-04 04:56:53+00:00,,,,,
37,releases,podlove_podlove-publisher,2014-08-07 06:07:47+00:00,,,,,
38,releases,podlove_podlove-publisher,2014-08-07 14:41:59+00:00,,,,,
39,releases,podlove_podlove-publisher,2014-09-04 12:16:19+00:00,,,,,
40,releases,podlove_podlove-publisher,2014-09-30 04:00:44+00:00,,,,,
41,releases,podlove_podlove-publisher,2014-10-13 04:01:16+00:00,,,,,
42,releases,podlove_podlove-publisher,2014-11-20 16:39:34+00:00,,,,,
43,releases,podlove_podlove-publisher,2014-12-01 17:31:09+00:00,,,,,
44,releases,podlove_podlove-publisher,2014-12-03 13:58:57+00:00,,,,,
45,releases,podlove_podlove-publisher,2014-12-09 19:53:36+00:00,,,,,
46,releases,podlove_podlove-publisher,2014-12-17 09:43:14+00:00,,,,,
47,releases,podlove_podlove-publisher,2014-12-19 13:17:03+00:00,,,,,
48,releases,podlove_podlove-publisher,2015-02-13 13:28:49+00:00,,,,,
49,releases,podlove_podlove-publisher,2015-02-14 10:25:46+00:00,,,,,
50,releases,podlove_podlove-publisher,2015-02-15 04:21:43+00:00,,,,,
51,releases,podlove_podlove-publisher,2015-02-16 16:12:31+00:00,,,,,
52,releases,podlove_podlove-publisher,2015-02-27 05:20:37+00:00,,,,,
53,releases,podlove_podlove-publisher,2015-03-04 15:23:13+00:00,,,,,
54,releases,podlove_podlove-publisher,2015-04-24 10:07:51+00:00,,,,,
55,releases,podlove_podlove-publisher,2015-04-30 11:24:12+00:00,,,,,
56,releases,podlove_podlove-publisher,2015-05-02 11:10:28+00:00,,,,,
57,releases,podlove_podlove-publisher,2015-05-06 03:33:08+00:00,,,,,
58,releases,podlove_podlove-publisher,2015-05-27 07:20:29+00:00,,,,,
59,releases,podlove_podlove-publisher,2015-05-29 00:39:04+00:00,,,,,
60,releases,podlove_podlove-publisher,2015-05-31 05:54:32+00:00,,,,,
61,releases,podlove_podlove-publisher,2015-06-01 04:54:47+00:00,,,,,
62,releases,podlove_podlove-publisher,2015-06-19 09:04:15+00:00,,,,,
63,releases,podlove_podlove-publisher,2015-09-25 06:58:19+00:00,,,,,
64,releases,podlove_podlove-publisher,2015-10-11 10:49:45+00:00,,,,,
65,releases,podlove_podlove-publisher,2015-11-12 10:18:24+00:00,,,,,
66,releases,podlove_podlove-publisher,2015-11-13 11:27:58+00:00,,,,,
67,releases,podlove_podlove-publisher,2015-11-15 12:55:29+00:00,,,,,
68,releases,podlove_podlove-publisher,2015-12-04 11:38:37+00:00,,,,,
69,releases,podlove_podlove-publisher,2015-12-08 10:10:06+00:00,,,,,
70,releases,podlove_podlove-publisher,2016-01-08 00:39:39+00:00,,,,,
71,releases,podlove_podlove-publisher,2016-02-27 08:08:46+00:00,,,,,
72,releases,podlove_podlove-publisher,2016-02-29 03:46:46+00:00,,,,,
73,releases,podlove_podlove-publisher,2016-04-19 16:36:14+00:00,,,,,
74,releases,podlove_podlove-publisher,2016-04-19 17:30:11+00:00,,,,,
75,releases,podlove_podlove-publisher,2016-05-04 07:20:05+00:00,,,,,
76,releases,podlove_podlove-publisher,2016-08-14 10:45:26+00:00,,,,,
77,releases,podlove_podlove-publisher,2016-09-10 06:01:10+00:00,,,,,
78,releases,podlove_podlove-publisher,2016-09-10 08:57:06+00:00,,,,,
79,releases,podlove_podlove-publisher,2016-09-16 04:11:24+00:00,,,,,
80,releases,podlove_podlove-publisher,2016-09-18 15:14:39+00:00,,,,,
81,releases,podlove_podlove-publisher,2016-09-26 10:46:31+00:00,,,,,
82,releases,podlove_podlove-publisher,2016-12-05 10:45:52+00:00,,,,,
83,releases,podlove_podlove-publisher,2017-01-05 05:15:38+00:00,,,,,
84,releases,podlove_podlove-publisher,2017-02-03 05:25:20+00:00,,,,,
85,releases,podlove_podlove-publisher,2017-02-04 03:42:02+00:00,,,,,
86,releases,podlove_podlove-publisher,2017-02-09 06:13:16+00:00,,,,,
87,releases,podlove_podlove-publisher,2017-02-09 07:07:40+00:00,,,,,
88,releases,podlove_podlove-publisher,2017-03-13 02:09:11+00:00,,,,,
89,releases,podlove_podlove-publisher,2017-03-13 02:22:25+00:00,,,,,
90,releases,podlove_podlove-publisher,2017-03-16 06:08:37+00:00,,,,,
91,releases,podlove_podlove-publisher,2017-03-30 14:56:19+00:00,,,,,
92,releases,podlove_podlove-publisher,2017-04-14 10:12:12+00:00,,,,,
93,releases,podlove_podlove-publisher,2017-05-22 07:59:30+00:00,,,,,
94,releases,podlove_podlove-publisher,2017-06-05 06:30:31+00:00,,,,,
95,releases,podlove_podlove-publisher,2017-06-20 09:03:16+00:00,,,,,
96,releases,podlove_podlove-publisher,2017-06-26 20:16:59+00:00,,,,,
97,releases,podlove_podlove-publisher,2017-12-11 10:42:09+00:00,,,,,
98,releases,podlove_podlove-publisher,2018-01-17 11:51:47+00:00,,,,,
99,releases,podlove_podlove-publisher,2018-03-23 11:09:53+00:00,,,,,
100,releases,podlove_podlove-publisher,2018-03-31 10:55:26+00:00,,,,,
101,releases,podlove_podlove-publisher,2018-04-04 10:36:19+00:00,,,,,
102,releases,podlove_podlove-publisher,2018-04-04 11:48:39+00:00,,,,,
103,releases,podlove_podlove-publisher,2018-05-04 12:52:22+00:00,,,,,
104,releases,podlove_podlove-publisher,2018-06-14 12:22:24+00:00,,,,,
105,releases,podlove_podlove-publisher,2018-08-17 13:27:52+00:00,,,,,
106,releases,podlove_podlove-publisher,2018-09-23 16:15:26+00:00,,,,,
107,releases,podlove_podlove-publisher,2018-09-30 09:55:40+00:00,,,,,
108,releases,podlove_podlove-publisher,2018-09-30 09:39:05+00:00,,,,,
109,releases,podlove_podlove-publisher,2018-10-23 21:51:55+00:00,,,,,
110,releases,podlove_podlove-publisher,2018-10-23 22:07:06+00:00,,,,,
111,releases,podlove_podlove-publisher,2018-11-05 07:45:00+00:00,,,,,
112,releases,podlove_podlove-publisher,2018-11-29 16:16:38+00:00,,,,,
113,releases,podlove_podlove-publisher,2018-12-10 10:45:37+00:00,,,,,
114,releases,podlove_podlove-publisher,2019-01-12 21:20:40+00:00,,,,,
115,releases,podlove_podlove-publisher,2019-01-14 21:31:38+00:00,,,,,
116,releases,podlove_podlove-publisher,2019-01-16 10:42:04+00:00,,,,,
117,releases,podlove_podlove-publisher,2019-03-22 08:07:51+00:00,,,,,
118,releases,podlove_podlove-publisher,2019-04-18 09:07:43+00:00,,,,,
119,releases,podlove_podlove-publisher,2019-05-11 09:38:17+00:00,,,,,
120,releases,podlove_podlove-publisher,2019-06-22 19:04:53+00:00,,,,,
121,releases,podlove_podlove-publisher,2019-08-03 10:38:59+00:00,,,,,
122,releases,podlove_podlove-publisher,2019-08-14 15:35:49+00:00,,,,,
123,releases,podlove_podlove-publisher,2019-08-25 08:16:42+00:00,,,,,
124,releases,podlove_podlove-publisher,2019-09-06 08:58:57+00:00,,,,,
125,releases,podlove_podlove-publisher,2019-09-14 19:10:44+00:00,,,,,
126,releases,podlove_podlove-publisher,2019-11-14 20:12:33+00:00,,,,,
127,releases,podlove_podlove-publisher,2020-04-01 20:11:13+00:00,,,,,
128,releases,podlove_podlove-publisher,2020-02-23 21:18:32+00:00,,,,,
129,releases,podlove_podlove-publisher,2020-04-26 13:34:55+00:00,,,,,
130,releases,podlove_podlove-publisher,2020-05-03 15:29:52+00:00,,,,,
131,releases,podlove_podlove-publisher,2020-05-16 14:09:00+00:00,,,,,
132,releases,podlove_podlove-publisher,2020-05-16 14:41:17+00:00,,,,,
133,releases,podlove_podlove-publisher,2020-05-16 15:02:13+00:00,,,,,
134,releases,podlove_podlove-publisher,2020-05-16 15:36:16+00:00,,,,,
135,releases,podlove_podlove-publisher,2020-05-18 19:47:28+00:00,,,,,
136,releases,podlove_podlove-publisher,2020-05-18 20:02:16+00:00,,,,,
137,releases,podlove_podlove-publisher,2020-05-18 20:30:46+00:00,,,,,
138,releases,podlove_podlove-publisher,2020-05-19 20:27:14+00:00,,,,,
139,releases,podlove_podlove-publisher,2020-05-24 07:23:10+00:00,,,,,
140,releases,podlove_podlove-publisher,2020-06-17 08:20:00+00:00,,,,,
141,releases,podlove_podlove-publisher,2020-06-17 21:14:09+00:00,,,,,
142,releases,podlove_podlove-publisher,2020-06-22 07:39:27+00:00,,,,,
143,releases,podlove_podlove-publisher,2020-06-23 14:03:24+00:00,,,,,
144,releases,podlove_podlove-publisher,2020-07-11 20:02:20+00:00,,,,,
145,releases,podlove_podlove-publisher,2020-07-15 18:50:52+00:00,,,,,
146,releases,podlove_podlove-publisher,2020-07-19 17:22:58+00:00,,,,,
147,releases,podlove_podlove-publisher,2020-07-22 11:31:04+00:00,,,,,
148,releases,podlove_podlove-publisher,2020-07-23 08:51:38+00:00,,,,,
149,releases,podlove_podlove-publisher,2020-07-23 09:36:21+00:00,,,,,
150,releases,podlove_podlove-publisher,2020-08-16 12:44:58+00:00,,,,,
151,releases,podlove_podlove-publisher,2020-08-29 12:48:29+00:00,,,,,
152,releases,podlove_podlove-publisher,2020-09-08 18:19:39+00:00,,,,,
153,releases,podlove_podlove-publisher,2020-09-09 18:37:40+00:00,,,,,
154,releases,podlove_podlove-publisher,2020-09-09 20:41:18+00:00,,,,,
155,releases,podlove_podlove-publisher,2020-09-15 19:49:25+00:00,,,,,
156,releases,podlove_podlove-publisher,2020-09-16 20:28:16+00:00,,,,,
157,releases,podlove_podlove-publisher,2020-09-26 10:27:22+00:00,,,,,
158,releases,podlove_podlove-publisher,2020-10-02 17:06:24+00:00,,,,,
159,releases,podlove_podlove-publisher,2020-10-04 14:35:09+00:00,,,,,
160,releases,podlove_podlove-publisher,2020-10-15 08:03:47+00:00,,,,,
161,releases,podlove_podlove-publisher,2020-10-15 08:18:24+00:00,,,,,
162,releases,podlove_podlove-publisher,2020-10-17 17:24:57+00:00,,,,,
163,releases,podlove_podlove-publisher,2020-10-22 20:17:29+00:00,,,,,
164,releases,podlove_podlove-publisher,2020-11-04 20:59:46+00:00,,,,,
165,releases,podlove_podlove-publisher,2020-11-14 13:52:39+00:00,,,,,
166,releases,podlove_podlove-publisher,2020-11-14 14:06:48+00:00,,,,,
167,releases,podlove_podlove-publisher,2020-11-14 14:31:18+00:00,,,,,
168,releases,podlove_podlove-publisher,2020-11-14 14:30:06+00:00,,,,,
169,releases,podlove_podlove-publisher,2020-11-15 13:29:22+00:00,,,,,
170,releases,podlove_podlove-publisher,2020-11-21 13:51:55+00:00,,,,,
171,releases,podlove_podlove-publisher,2020-11-26 20:08:08+00:00,,,,,
172,releases,podlove_podlove-publisher,2020-11-26 20:16:57+00:00,,,,,
173,releases,podlove_podlove-publisher,2020-11-28 12:32:43+00:00,,,,,
174,releases,podlove_podlove-publisher,2020-12-05 12:58:24+00:00,,,,,
175,releases,podlove_podlove-publisher,2020-12-05 13:57:47+00:00,,,,,
176,releases,podlove_podlove-publisher,2021-02-14 20:46:57+00:00,,,,,
177,releases,podlove_podlove-publisher,2021-02-14 20:53:20+00:00,,,,,
178,releases,podlove_podlove-publisher,2021-02-21 20:05:23+00:00,,,,,
179,releases,podlove_podlove-publisher,2021-02-22 20:44:52+00:00,,,,,
180,releases,podlove_podlove-publisher,2021-02-22 20:50:22+00:00,,,,,
181,releases,podlove_podlove-publisher,2021-02-22 21:27:49+00:00,,,,,
182,releases,podlove_podlove-publisher,2021-02-25 12:19:25+00:00,,,,,
183,releases,podlove_podlove-publisher,2021-02-25 12:23:46+00:00,,,,,
184,releases,podlove_podlove-publisher,2021-03-02 20:31:54+00:00,,,,,
185,releases,podlove_podlove-publisher,2021-03-20 10:01:26+00:00,,,,,
186,releases,podlove_podlove-publisher,2021-03-20 14:00:48+00:00,,,,,
187,releases,podlove_podlove-publisher,2021-03-20 15:46:09+00:00,,,,,
188,releases,podlove_podlove-publisher,2021-03-20 21:09:59+00:00,,,,,
189,releases,podlove_podlove-publisher,2021-03-20 21:13:20+00:00,,,,,
190,releases,podlove_podlove-publisher,2021-03-20 21:32:26+00:00,,,,,
191,releases,podlove_podlove-publisher,2021-03-21 14:34:26+00:00,,,,,
192,releases,podlove_podlove-publisher,2021-03-29 20:34:05+00:00,,,,,
193,releases,podlove_podlove-publisher,2021-04-08 19:28:30+00:00,,,,,
194,releases,podlove_podlove-publisher,2021-04-11 12:47:32+00:00,,,,,
195,releases,podlove_podlove-publisher,2021-04-15 18:54:20+00:00,,,,,
196,releases,podlove_podlove-publisher,2021-04-16 07:25:15+00:00,,,,,
197,releases,podlove_podlove-publisher,2021-04-21 20:12:42+00:00,,,,,
198,releases,podlove_podlove-publisher,2021-04-26 20:50:24+00:00,,,,,
199,releases,podlove_podlove-publisher,2021-04-27 19:29:26+00:00,,,,,
200,releases,podlove_podlove-publisher,2021-04-27 19:36:56+00:00,,,,,
201,releases,podlove_podlove-publisher,2021-05-01 20:44:59+00:00,,,,,
202,releases,podlove_podlove-publisher,2021-05-02 07:13:58+00:00,,,,,
203,releases,podlove_podlove-publisher,2021-08-22 09:51:30+00:00,,,,,
204,releases,podlove_podlove-publisher,2021-08-22 17:52:12+00:00,,,,,
205,releases,podlove_podlove-publisher,2021-08-24 15:48:30+00:00,,,,,
206,releases,podlove_podlove-publisher,2021-09-03 20:34:57+00:00,,,,,
207,releases,podlove_podlove-publisher,2021-09-09 19:02:02+00:00,,,,,
208,releases,podlove_podlove-publisher,2021-09-20 18:06:01+00:00,,,,,
209,releases,podlove_podlove-publisher,2021-10-09 11:48:39+00:00,,,,,
210,releases,podlove_podlove-publisher,2021-10-28 18:43:53+00:00,,,,,
211,releases,podlove_podlove-publisher,2021-10-28 19:53:23+00:00,,,,,
212,releases,podlove_podlove-publisher,2021-10-29 18:35:16+00:00,,,,,
213,releases,podlove_podlove-publisher,2021-11-02 16:10:47+00:00,,,,,
214,releases,podlove_podlove-publisher,2022-01-14 19:46:50+00:00,,,,,
215,releases,podlove_podlove-publisher,2022-01-18 19:05:01+00:00,,,,,
216,releases,podlove_podlove-publisher,2022-01-22 19:39:04+00:00,,,,,
217,releases,podlove_podlove-publisher,2022-01-28 14:07:39+00:00,,,,,
218,releases,podlove_podlove-publisher,2022-01-28 17:48:15+00:00,,,,,
219,releases,podlove_podlove-publisher,2022-02-08 19:24:33+00:00,,,,,
220,releases,podlove_podlove-publisher,2022-02-10 19:32:45+00:00,,,,,
221,releases,podlove_podlove-publisher,2022-02-11 12:59:33+00:00,,,,,
222,releases,podlove_podlove-publisher,2022-02-13 20:27:39+00:00,,,,,
223,releases,podlove_podlove-publisher,2022-02-15 18:44:10+00:00,,,,,
224,releases,podlove_podlove-publisher,2022-02-22 19:30:52+00:00,,,,,
225,releases,podlove_podlove-publisher,2022-03-23 19:17:50+00:00,,,,,
226,releases,podlove_podlove-publisher,2022-07-01 20:15:44+00:00,,,,,
0,stargazers,podlove_podlove-publisher,2013-02-20 11:34:15+00:00,,,,,
1,stargazers,podlove_podlove-publisher,2013-02-20 13:20:34+00:00,,,,,
2,stargazers,podlove_podlove-publisher,2013-02-20 20:23:01+00:00,,,,,
3,stargazers,podlove_podlove-publisher,2013-02-22 18:56:44+00:00,,,,,
4,stargazers,podlove_podlove-publisher,2013-03-03 17:50:29+00:00,,,,,
5,stargazers,podlove_podlove-publisher,2013-03-03 20:57:10+00:00,,,,,
6,stargazers,podlove_podlove-publisher,2013-03-04 22:22:26+00:00,,,,,
7,stargazers,podlove_podlove-publisher,2013-03-04 22:47:47+00:00,,,,,
8,stargazers,podlove_podlove-publisher,2013-03-05 14:43:17+00:00,,,,,
9,stargazers,podlove_podlove-publisher,2013-03-06 03:21:27+00:00,,,,,
10,stargazers,podlove_podlove-publisher,2013-03-06 10:26:19+00:00,,,,,
11,stargazers,podlove_podlove-publisher,2013-03-06 15:17:14+00:00,,,,,
12,stargazers,podlove_podlove-publisher,2013-03-08 07:59:32+00:00,,,,,
13,stargazers,podlove_podlove-publisher,2013-03-13 18:23:09+00:00,,,,,
14,stargazers,podlove_podlove-publisher,2013-03-13 23:19:29+00:00,,,,,
15,stargazers,podlove_podlove-publisher,2013-03-14 04:05:03+00:00,,,,,
16,stargazers,podlove_podlove-publisher,2013-03-15 12:10:11+00:00,,,,,
17,stargazers,podlove_podlove-publisher,2013-03-20 21:57:50+00:00,,,,,
18,stargazers,podlove_podlove-publisher,2013-03-21 11:42:27+00:00,,,,,
19,stargazers,podlove_podlove-publisher,2013-03-21 20:41:52+00:00,,,,,
20,stargazers,podlove_podlove-publisher,2013-03-22 16:29:39+00:00,,,,,
21,stargazers,podlove_podlove-publisher,2013-03-25 14:58:17+00:00,,,,,
22,stargazers,podlove_podlove-publisher,2013-03-26 03:53:26+00:00,,,,,
23,stargazers,podlove_podlove-publisher,2013-03-26 10:55:57+00:00,,,,,
24,stargazers,podlove_podlove-publisher,2013-03-27 16:14:13+00:00,,,,,
25,stargazers,podlove_podlove-publisher,2013-04-03 09:38:08+00:00,,,,,
26,stargazers,podlove_podlove-publisher,2013-04-03 10:41:44+00:00,,,,,
27,stargazers,podlove_podlove-publisher,2013-04-14 21:04:48+00:00,,,,,
28,stargazers,podlove_podlove-publisher,2013-04-19 21:29:23+00:00,,,,,
29,stargazers,podlove_podlove-publisher,2013-04-23 19:10:09+00:00,,,,,
30,stargazers,podlove_podlove-publisher,2013-04-24 13:40:18+00:00,,,,,
31,stargazers,podlove_podlove-publisher,2013-04-28 20:32:02+00:00,,,,,
32,stargazers,podlove_podlove-publisher,2013-05-05 19:28:59+00:00,,,,,
33,stargazers,podlove_podlove-publisher,2013-05-13 20:04:26+00:00,,,,,
34,stargazers,podlove_podlove-publisher,2013-05-20 12:39:02+00:00,,,,,
35,stargazers,podlove_podlove-publisher,2013-05-26 09:17:43+00:00,,,,,
36,stargazers,podlove_podlove-publisher,2013-05-31 14:30:58+00:00,,,,,
37,stargazers,podlove_podlove-publisher,2013-06-15 16:19:31+00:00,,,,,
38,stargazers,podlove_podlove-publisher,2013-06-20 08:36:11+00:00,,,,,
39,stargazers,podlove_podlove-publisher,2013-06-22 11:30:04+00:00,,,,,
40,stargazers,podlove_podlove-publisher,2013-06-27 06:27:30+00:00,,,,,
41,stargazers,podlove_podlove-publisher,2013-06-30 16:46:42+00:00,,,,,
42,stargazers,podlove_podlove-publisher,2013-07-02 16:22:10+00:00,,,,,
43,stargazers,podlove_podlove-publisher,2013-07-02 22:24:37+00:00,,,,,
44,stargazers,podlove_podlove-publisher,2013-07-04 06:17:13+00:00,,,,,
45,stargazers,podlove_podlove-publisher,2013-07-04 20:27:35+00:00,,,,,
46,stargazers,podlove_podlove-publisher,2013-07-05 07:23:53+00:00,,,,,
47,stargazers,podlove_podlove-publisher,2013-07-09 11:29:12+00:00,,,,,
48,stargazers,podlove_podlove-publisher,2013-07-11 13:30:55+00:00,,,,,
49,stargazers,podlove_podlove-publisher,2013-07-14 06:36:35+00:00,,,,,
50,stargazers,podlove_podlove-publisher,2013-07-22 23:33:34+00:00,,,,,
51,stargazers,podlove_podlove-publisher,2013-07-27 08:52:37+00:00,,,,,
52,stargazers,podlove_podlove-publisher,2013-07-31 21:47:02+00:00,,,,,
53,stargazers,podlove_podlove-publisher,2013-08-03 18:53:07+00:00,,,,,
54,stargazers,podlove_podlove-publisher,2013-08-27 17:36:36+00:00,,,,,
55,stargazers,podlove_podlove-publisher,2013-08-30 08:41:51+00:00,,,,,
56,stargazers,podlove_podlove-publisher,2013-09-09 18:30:36+00:00,,,,,
57,stargazers,podlove_podlove-publisher,2013-09-18 10:07:22+00:00,,,,,
58,stargazers,podlove_podlove-publisher,2013-09-23 20:10:35+00:00,,,,,
59,stargazers,podlove_podlove-publisher,2013-11-14 12:40:29+00:00,,,,,
60,stargazers,podlove_podlove-publisher,2013-11-25 02:39:01+00:00,,,,,
61,stargazers,podlove_podlove-publisher,2013-12-03 16:12:14+00:00,,,,,
62,stargazers,podlove_podlove-publisher,2013-12-07 17:44:16+00:00,,,,,
63,stargazers,podlove_podlove-publisher,2013-12-13 16:42:43+00:00,,,,,
64,stargazers,podlove_podlove-publisher,2013-12-22 11:27:36+00:00,,,,,
65,stargazers,podlove_podlove-publisher,2014-01-02 10:50:17+00:00,,,,,
66,stargazers,podlove_podlove-publisher,2014-01-06 02:49:56+00:00,,,,,
67,stargazers,podlove_podlove-publisher,2014-01-07 10:42:44+00:00,,,,,
68,stargazers,podlove_podlove-publisher,2014-01-10 11:10:07+00:00,,,,,
69,stargazers,podlove_podlove-publisher,2014-01-19 00:45:44+00:00,,,,,
70,stargazers,podlove_podlove-publisher,2014-01-20 13:30:39+00:00,,,,,
71,stargazers,podlove_podlove-publisher,2014-01-24 00:13:11+00:00,,,,,
72,stargazers,podlove_podlove-publisher,2014-01-29 14:05:21+00:00,,,,,
73,stargazers,podlove_podlove-publisher,2014-02-07 12:23:28+00:00,,,,,
74,stargazers,podlove_podlove-publisher,2014-02-11 16:56:26+00:00,,,,,
75,stargazers,podlove_podlove-publisher,2014-02-14 08:47:25+00:00,,,,,
76,stargazers,podlove_podlove-publisher,2014-02-22 03:48:22+00:00,,,,,
77,stargazers,podlove_podlove-publisher,2014-03-01 07:44:15+00:00,,,,,
78,stargazers,podlove_podlove-publisher,2014-03-02 15:40:41+00:00,,,,,
79,stargazers,podlove_podlove-publisher,2014-03-08 16:09:29+00:00,,,,,
80,stargazers,podlove_podlove-publisher,2014-03-08 20:15:37+00:00,,,,,
81,stargazers,podlove_podlove-publisher,2014-03-12 16:46:17+00:00,,,,,
82,stargazers,podlove_podlove-publisher,2014-03-13 19:26:58+00:00,,,,,
83,stargazers,podlove_podlove-publisher,2014-03-14 07:07:56+00:00,,,,,
84,stargazers,podlove_podlove-publisher,2014-03-15 16:39:26+00:00,,,,,
85,stargazers,podlove_podlove-publisher,2014-03-18 13:26:42+00:00,,,,,
86,stargazers,podlove_podlove-publisher,2014-03-22 19:51:41+00:00,,,,,
87,stargazers,podlove_podlove-publisher,2014-03-23 12:50:27+00:00,,,,,
88,stargazers,podlove_podlove-publisher,2014-04-01 14:43:38+00:00,,,,,
89,stargazers,podlove_podlove-publisher,2014-04-23 17:07:36+00:00,,,,,
90,stargazers,podlove_podlove-publisher,2014-04-29 18:25:59+00:00,,,,,
91,stargazers,podlove_podlove-publisher,2014-05-04 20:20:23+00:00,,,,,
92,stargazers,podlove_podlove-publisher,2014-05-06 15:17:20+00:00,,,,,
93,stargazers,podlove_podlove-publisher,2014-05-06 15:55:02+00:00,,,,,
94,stargazers,podlove_podlove-publisher,2014-05-16 00:02:35+00:00,,,,,
95,stargazers,podlove_podlove-publisher,2014-05-17 09:53:58+00:00,,,,,
96,stargazers,podlove_podlove-publisher,2014-05-19 19:58:37+00:00,,,,,
97,stargazers,podlove_podlove-publisher,2014-06-04 10:23:54+00:00,,,,,
98,stargazers,podlove_podlove-publisher,2014-06-08 17:22:11+00:00,,,,,
99,stargazers,podlove_podlove-publisher,2014-06-13 09:52:39+00:00,,,,,
100,stargazers,podlove_podlove-publisher,2014-06-14 20:23:17+00:00,,,,,
101,stargazers,podlove_podlove-publisher,2014-06-17 21:48:43+00:00,,,,,
102,stargazers,podlove_podlove-publisher,2014-07-13 14:22:36+00:00,,,,,
103,stargazers,podlove_podlove-publisher,2014-07-15 19:02:31+00:00,,,,,
104,stargazers,podlove_podlove-publisher,2014-08-07 13:52:14+00:00,,,,,
105,stargazers,podlove_podlove-publisher,2014-08-10 10:51:46+00:00,,,,,
106,stargazers,podlove_podlove-publisher,2014-08-10 21:43:13+00:00,,,,,
107,stargazers,podlove_podlove-publisher,2014-08-25 11:32:40+00:00,,,,,
108,stargazers,podlove_podlove-publisher,2014-08-25 16:05:17+00:00,,,,,
109,stargazers,podlove_podlove-publisher,2014-09-02 00:26:03+00:00,,,,,
110,stargazers,podlove_podlove-publisher,2014-10-06 12:59:44+00:00,,,,,
111,stargazers,podlove_podlove-publisher,2014-10-09 10:20:48+00:00,,,,,
112,stargazers,podlove_podlove-publisher,2014-10-10 16:08:04+00:00,,,,,
113,stargazers,podlove_podlove-publisher,2014-10-11 12:25:58+00:00,,,,,
114,stargazers,podlove_podlove-publisher,2014-11-02 16:27:07+00:00,,,,,
115,stargazers,podlove_podlove-publisher,2014-11-12 19:01:02+00:00,,,,,
116,stargazers,podlove_podlove-publisher,2014-11-19 16:45:10+00:00,,,,,
117,stargazers,podlove_podlove-publisher,2014-11-29 15:00:51+00:00,,,,,
118,stargazers,podlove_podlove-publisher,2014-11-29 18:26:39+00:00,,,,,
119,stargazers,podlove_podlove-publisher,2014-11-30 20:58:05+00:00,,,,,
120,stargazers,podlove_podlove-publisher,2014-12-15 03:24:48+00:00,,,,,
121,stargazers,podlove_podlove-publisher,2014-12-17 19:16:06+00:00,,,,,
122,stargazers,podlove_podlove-publisher,2014-12-21 15:19:09+00:00,,,,,
123,stargazers,podlove_podlove-publisher,2014-12-22 17:20:49+00:00,,,,,
124,stargazers,podlove_podlove-publisher,2014-12-29 15:12:18+00:00,,,,,
125,stargazers,podlove_podlove-publisher,2014-12-29 16:36:26+00:00,,,,,
126,stargazers,podlove_podlove-publisher,2015-01-02 22:03:05+00:00,,,,,
127,stargazers,podlove_podlove-publisher,2015-01-12 19:45:02+00:00,,,,,
128,stargazers,podlove_podlove-publisher,2015-01-13 11:43:14+00:00,,,,,
129,stargazers,podlove_podlove-publisher,2015-01-20 17:09:53+00:00,,,,,
130,stargazers,podlove_podlove-publisher,2015-01-25 15:14:48+00:00,,,,,
131,stargazers,podlove_podlove-publisher,2015-02-14 17:20:28+00:00,,,,,
132,stargazers,podlove_podlove-publisher,2015-02-26 19:00:30+00:00,,,,,
133,stargazers,podlove_podlove-publisher,2015-03-07 09:33:19+00:00,,,,,
134,stargazers,podlove_podlove-publisher,2015-03-10 23:03:29+00:00,,,,,
135,stargazers,podlove_podlove-publisher,2015-03-11 06:59:35+00:00,,,,,
136,stargazers,podlove_podlove-publisher,2015-03-25 06:45:56+00:00,,,,,
137,stargazers,podlove_podlove-publisher,2015-04-12 07:56:30+00:00,,,,,
138,stargazers,podlove_podlove-publisher,2015-05-04 10:59:44+00:00,,,,,
139,stargazers,podlove_podlove-publisher,2015-05-07 12:40:22+00:00,,,,,
140,stargazers,podlove_podlove-publisher,2015-06-13 12:29:13+00:00,,,,,
141,stargazers,podlove_podlove-publisher,2015-07-06 00:03:56+00:00,,,,,
142,stargazers,podlove_podlove-publisher,2015-07-06 01:45:08+00:00,,,,,
143,stargazers,podlove_podlove-publisher,2015-08-12 05:58:05+00:00,,,,,
144,stargazers,podlove_podlove-publisher,2015-08-18 19:58:07+00:00,,,,,
145,stargazers,podlove_podlove-publisher,2015-08-22 06:19:25+00:00,,,,,
146,stargazers,podlove_podlove-publisher,2015-09-14 17:23:31+00:00,,,,,
147,stargazers,podlove_podlove-publisher,2015-10-05 02:34:46+00:00,,,,,
148,stargazers,podlove_podlove-publisher,2015-11-02 20:26:02+00:00,,,,,
149,stargazers,podlove_podlove-publisher,2015-11-02 21:22:53+00:00,,,,,
150,stargazers,podlove_podlove-publisher,2015-11-20 14:14:05+00:00,,,,,
151,stargazers,podlove_podlove-publisher,2015-12-02 09:37:07+00:00,,,,,
152,stargazers,podlove_podlove-publisher,2015-12-18 05:45:27+00:00,,,,,
153,stargazers,podlove_podlove-publisher,2016-01-14 06:05:13+00:00,,,,,
154,stargazers,podlove_podlove-publisher,2016-01-23 22:59:23+00:00,,,,,
155,stargazers,podlove_podlove-publisher,2016-01-28 23:11:52+00:00,,,,,
156,stargazers,podlove_podlove-publisher,2016-03-23 07:26:41+00:00,,,,,
157,stargazers,podlove_podlove-publisher,2016-04-14 08:00:21+00:00,,,,,
158,stargazers,podlove_podlove-publisher,2016-04-19 04:04:59+00:00,,,,,
159,stargazers,podlove_podlove-publisher,2016-06-13 22:28:24+00:00,,,,,
160,stargazers,podlove_podlove-publisher,2016-06-26 14:12:35+00:00,,,,,
161,stargazers,podlove_podlove-publisher,2016-07-03 20:07:55+00:00,,,,,
162,stargazers,podlove_podlove-publisher,2016-07-19 22:47:27+00:00,,,,,
163,stargazers,podlove_podlove-publisher,2016-08-22 21:21:43+00:00,,,,,
164,stargazers,podlove_podlove-publisher,2016-09-28 03:08:42+00:00,,,,,
165,stargazers,podlove_podlove-publisher,2016-10-12 15:47:04+00:00,,,,,
166,stargazers,podlove_podlove-publisher,2016-10-13 14:56:01+00:00,,,,,
167,stargazers,podlove_podlove-publisher,2016-11-16 08:53:51+00:00,,,,,
168,stargazers,podlove_podlove-publisher,2016-12-17 05:27:03+00:00,,,,,
169,stargazers,podlove_podlove-publisher,2017-01-16 11:26:11+00:00,,,,,
170,stargazers,podlove_podlove-publisher,2017-09-04 15:49:54+00:00,,,,,
171,stargazers,podlove_podlove-publisher,2017-11-30 13:58:02+00:00,,,,,
172,stargazers,podlove_podlove-publisher,2017-12-09 18:17:05+00:00,,,,,
173,stargazers,podlove_podlove-publisher,2017-12-26 10:19:47+00:00,,,,,
174,stargazers,podlove_podlove-publisher,2017-12-27 14:19:25+00:00,,,,,
175,stargazers,podlove_podlove-publisher,2018-02-13 06:45:18+00:00,,,,,
176,stargazers,podlove_podlove-publisher,2018-02-13 22:51:14+00:00,,,,,
177,stargazers,podlove_podlove-publisher,2018-03-01 22:58:43+00:00,,,,,
178,stargazers,podlove_podlove-publisher,2018-03-17 15:01:51+00:00,,,,,
179,stargazers,podlove_podlove-publisher,2018-04-02 17:23:41+00:00,,,,,
180,stargazers,podlove_podlove-publisher,2018-04-12 19:57:33+00:00,,,,,
181,stargazers,podlove_podlove-publisher,2018-05-10 05:12:27+00:00,,,,,
182,stargazers,podlove_podlove-publisher,2018-05-30 03:37:56+00:00,,,,,
183,stargazers,podlove_podlove-publisher,2018-06-16 13:59:08+00:00,,,,,
184,stargazers,podlove_podlove-publisher,2018-07-06 13:05:45+00:00,,,,,
185,stargazers,podlove_podlove-publisher,2018-08-27 18:56:35+00:00,,,,,
186,stargazers,podlove_podlove-publisher,2018-09-14 08:59:45+00:00,,,,,
187,stargazers,podlove_podlove-publisher,2018-09-29 10:27:15+00:00,,,,,
188,stargazers,podlove_podlove-publisher,2018-11-03 20:42:33+00:00,,,,,
189,stargazers,podlove_podlove-publisher,2018-11-05 13:53:20+00:00,,,,,
190,stargazers,podlove_podlove-publisher,2018-11-08 18:48:23+00:00,,,,,
191,stargazers,podlove_podlove-publisher,2018-11-19 11:37:15+00:00,,,,,
192,stargazers,podlove_podlove-publisher,2018-12-13 07:41:25+00:00,,,,,
193,stargazers,podlove_podlove-publisher,2018-12-13 16:49:41+00:00,,,,,
194,stargazers,podlove_podlove-publisher,2019-01-06 17:57:59+00:00,,,,,
195,stargazers,podlove_podlove-publisher,2019-01-10 14:30:15+00:00,,,,,
196,stargazers,podlove_podlove-publisher,2019-01-25 02:02:45+00:00,,,,,
197,stargazers,podlove_podlove-publisher,2019-01-25 02:55:40+00:00,,,,,
198,stargazers,podlove_podlove-publisher,2019-02-12 12:29:13+00:00,,,,,
199,stargazers,podlove_podlove-publisher,2019-02-14 14:33:50+00:00,,,,,
200,stargazers,podlove_podlove-publisher,2019-04-05 16:48:49+00:00,,,,,
201,stargazers,podlove_podlove-publisher,2019-04-12 11:56:43+00:00,,,,,
202,stargazers,podlove_podlove-publisher,2019-06-12 11:57:45+00:00,,,,,
203,stargazers,podlove_podlove-publisher,2019-06-25 08:00:20+00:00,,,,,
204,stargazers,podlove_podlove-publisher,2019-07-31 13:09:15+00:00,,,,,
205,stargazers,podlove_podlove-publisher,2019-08-06 19:23:53+00:00,,,,,
206,stargazers,podlove_podlove-publisher,2019-08-12 08:54:53+00:00,,,,,
207,stargazers,podlove_podlove-publisher,2019-08-25 14:37:18+00:00,,,,,
208,stargazers,podlove_podlove-publisher,2019-08-29 18:34:23+00:00,,,,,
209,stargazers,podlove_podlove-publisher,2019-10-01 08:15:27+00:00,,,,,
210,stargazers,podlove_podlove-publisher,2019-10-15 08:11:14+00:00,,,,,
211,stargazers,podlove_podlove-publisher,2019-11-08 07:52:42+00:00,,,,,
212,stargazers,podlove_podlove-publisher,2020-01-14 15:13:28+00:00,,,,,
213,stargazers,podlove_podlove-publisher,2020-01-23 19:36:48+00:00,,,,,
214,stargazers,podlove_podlove-publisher,2020-01-30 22:37:22+00:00,,,,,
215,stargazers,podlove_podlove-publisher,2020-02-15 11:07:23+00:00,,,,,
216,stargazers,podlove_podlove-publisher,2020-02-18 11:54:20+00:00,,,,,
217,stargazers,podlove_podlove-publisher,2020-03-01 23:50:04+00:00,,,,,
218,stargazers,podlove_podlove-publisher,2020-03-02 09:13:57+00:00,,,,,
219,stargazers,podlove_podlove-publisher,2020-03-09 06:02:46+00:00,,,,,
220,stargazers,podlove_podlove-publisher,2020-03-09 14:30:30+00:00,,,,,
221,stargazers,podlove_podlove-publisher,2020-04-15 03:39:25+00:00,,,,,
222,stargazers,podlove_podlove-publisher,2020-04-29 16:34:11+00:00,,,,,
223,stargazers,podlove_podlove-publisher,2020-05-01 15:05:25+00:00,,,,,
224,stargazers,podlove_podlove-publisher,2020-05-16 19:34:36+00:00,,,,,
225,stargazers,podlove_podlove-publisher,2020-05-19 13:15:38+00:00,,,,,
226,stargazers,podlove_podlove-publisher,2020-06-06 21:12:06+00:00,,,,,
227,stargazers,podlove_podlove-publisher,2020-06-10 04:01:08+00:00,,,,,
228,stargazers,podlove_podlove-publisher,2020-06-16 11:04:15+00:00,,,,,
229,stargazers,podlove_podlove-publisher,2020-06-22 19:23:07+00:00,,,,,
230,stargazers,podlove_podlove-publisher,2020-06-24 09:07:36+00:00,,,,,
231,stargazers,podlove_podlove-publisher,2020-08-27 15:07:19+00:00,,,,,
232,stargazers,podlove_podlove-publisher,2020-09-10 08:44:43+00:00,,,,,
233,stargazers,podlove_podlove-publisher,2020-09-25 08:38:12+00:00,,,,,
234,stargazers,podlove_podlove-publisher,2020-10-31 12:56:17+00:00,,,,,
235,stargazers,podlove_podlove-publisher,2020-12-07 20:05:28+00:00,,,,,
236,stargazers,podlove_podlove-publisher,2021-02-08 06:19:13+00:00,,,,,
237,stargazers,podlove_podlove-publisher,2021-02-22 07:33:35+00:00,,,,,
238,stargazers,podlove_podlove-publisher,2021-02-28 21:10:40+00:00,,,,,
239,stargazers,podlove_podlove-publisher,2021-03-01 16:28:40+00:00,,,,,
240,stargazers,podlove_podlove-publisher,2021-04-07 08:06:33+00:00,,,,,
241,stargazers,podlove_podlove-publisher,2021-04-23 16:56:02+00:00,,,,,
242,stargazers,podlove_podlove-publisher,2021-04-24 07:54:44+00:00,,,,,
243,stargazers,podlove_podlove-publisher,2021-05-05 17:20:13+00:00,,,,,
244,stargazers,podlove_podlove-publisher,2021-05-13 14:21:12+00:00,,,,,
245,stargazers,podlove_podlove-publisher,2021-06-02 22:29:25+00:00,,,,,
246,stargazers,podlove_podlove-publisher,2021-06-14 03:21:03+00:00,,,,,
247,stargazers,podlove_podlove-publisher,2021-06-22 23:02:52+00:00,,,,,
248,stargazers,podlove_podlove-publisher,2021-07-04 21:29:15+00:00,,,,,
249,stargazers,podlove_podlove-publisher,2021-08-03 21:46:27+00:00,,,,,
250,stargazers,podlove_podlove-publisher,2021-08-07 06:39:56+00:00,,,,,
251,stargazers,podlove_podlove-publisher,2021-08-13 12:58:30+00:00,,,,,
252,stargazers,podlove_podlove-publisher,2021-08-24 18:48:51+00:00,,,,,
253,stargazers,podlove_podlove-publisher,2021-08-30 13:43:53+00:00,,,,,
254,stargazers,podlove_podlove-publisher,2021-09-15 21:32:40+00:00,,,,,
255,stargazers,podlove_podlove-publisher,2021-10-01 15:05:50+00:00,,,,,
256,stargazers,podlove_podlove-publisher,2021-10-19 00:31:40+00:00,,,,,
257,stargazers,podlove_podlove-publisher,2021-12-30 12:19:55+00:00,,,,,
258,stargazers,podlove_podlove-publisher,2022-01-01 15:28:09+00:00,,,,,
259,stargazers,podlove_podlove-publisher,2022-02-10 00:01:37+00:00,,,,,
260,stargazers,podlove_podlove-publisher,2022-02-11 18:58:46+00:00,,,,,
261,stargazers,podlove_podlove-publisher,2022-02-19 12:57:17+00:00,,,,,
262,stargazers,podlove_podlove-publisher,2022-05-09 01:53:17+00:00,,,,,
